0
0
300
0
0
1
0
183
connections
0.5538911498500492
link
1.1972134560348238
bias
0.5550554435977747
node
0.5538911498500492
enable
0.14698596412208606
disable
0.1950281535889147
step
0.09022983136380133
perturb
0.4862190441607082
done
4
65
1000000
3.742396736024739
5
1
75
1000000
-4.117449652286716
6
0
65
183
1.0
7
1
183
1000000
3.742396736024739
8
1
0
0
1
0
183
connections
0.5538911498500492
link
1.1972134560348238
bias
0.5550554435977747
node
0.5538911498500492
enable
0.14698596412208606
disable
0.1950281535889147
step
0.09022983136380133
perturb
0.4862190441607082
done
4
148
1000000
-6.427689514513919
9
0
109
1000002
-2.3153928467188796
10
0
109
183
1.0
11
1
183
1000002
-2.3153928467188796
12
1
0
0
1
0
182
connections
0.5538911498500492
link
1.1972134560348238
bias
0.5550554435977747
node
0.5538911498500492
enable
0.14698596412208606
disable
0.1950281535889147
step
0.09022983136380133
perturb
0.4862190441607082
done
3
116
1000000
-2.667302312824536
13
1
147
1000002
-3.001381177904327
14
1
85
1000002
-1.224428548530811
15
1
0
0
1
0
182
connections
0.5538911498500492
link
1.1972134560348238
bias
0.5550554435977747
node
0.5538911498500492
enable
0.14698596412208606
disable
0.1950281535889147
step
0.09022983136380133
perturb
0.4862190441607082
done
2
156
1000001
-0.7457799520952395
16
1
46
1000000
2.3040033837642753
17
1
0
0
1
0
183
connections
0.5538911498500492
link
1.1972134560348238
bias
0.5550554435977747
node
0.5538911498500492
enable
0.14698596412208606
disable
0.1950281535889147
step
0.09022983136380133
perturb
0.4862190441607082
done
4
48
1000002
-4.53762998295767
18
1
22
1000002
-6.999185980914919
19
0
22
183
1.0
20
0
183
1000002
-6.999185980914919
21
1
0
0
1
0
183
connections
0.5538911498500492
link
1.1972134560348238
bias
0.5550554435977747
node
0.5538911498500492
enable
0.14698596412208606
disable
0.1950281535889147
step
0.09022983136380133
perturb
0.4862190441607082
done
4
143
1000003
4.527513452638261
22
1
141
1000001
7.462557983591852
23
0
141
183
1.0
24
1
183
1000001
7.462557983591852
25
0
0
0
1
0
183
connections
0.5538911498500492
link
1.1972134560348238
bias
0.5550554435977747
node
0.5538911498500492
enable
0.14698596412208606
disable
0.1950281535889147
step
0.09022983136380133
perturb
0.4862190441607082
done
4
30
1000000
-0.15072209457648977
26
1
115
1000003
2.0217962135071295
27
0
115
183
1.0
28
1
183
1000003
2.0217962135071295
29
1
0
0
1
0
183
connections
0.5538911498500492
link
1.1972134560348238
bias
0.5550554435977747
node
0.5538911498500492
enable
0.14698596412208606
disable
0.1950281535889147
step
0.09022983136380133
perturb
0.4862190441607082
done
4
1000000
1000000
-5.646754665686086
30
1
134
1000003
1.35875136524986
31
0
134
183
1.0
32
1
183
1000003
1.35875136524986
33
1
0
0
1
0
183
connections
0.5538911498500492
link
1.1972134560348238
bias
0.5550554435977747
node
0.5538911498500492
enable
0.14698596412208606
disable
0.1950281535889147
step
0.09022983136380133
perturb
0.4862190441607082
done
4
48
1000001
-7.904279407613322
34
0
93
1000001
2.9351806445927764
35
1
48
183
1.0
36
1
183
1000001
-7.904279407613322
37
1
0
0
1
0
183
connections
0.5538911498500492
link
1.1972134560348238
bias
0.5550554435977747
node
0.5538911498500492
enable
0.14698596412208606
disable
0.1950281535889147
step
0.09022983136380133
perturb
0.4862190441607082
done
3
3
1000003
2.6990197338727926
38
0
3
183
1.0
39
1
183
1000003
2.6990197338727926
40
1
0
0
1
0
183
connections
0.5538911498500492
link
1.1972134560348238
bias
0.5550554435977747
node
0.5538911498500492
enable
0.14698596412208606
disable
0.1950281535889147
step
0.09022983136380133
perturb
0.4862190441607082
done
4
121
1000001
3.1123165994577953
41
0
10
1000002
-0.7279304976051777
42
1
121
183
1.0
43
1
183
1000001
3.1123165994577953
44
1
0
0
1
0
182
connections
0.5538911498500492
link
1.1972134560348238
bias
0.5550554435977747
node
0.5538911498500492
enable
0.14698596412208606
disable
0.1950281535889147
step
0.09022983136380133
perturb
0.4862190441607082
done
1
83
1000003
1.3292603719553013
45
1
0
0
1
0
182
connections
0.5538911498500492
link
1.1972134560348238
bias
0.5550554435977747
node
0.5538911498500492
enable
0.14698596412208606
disable
0.1950281535889147
step
0.09022983136380133
perturb
0.4862190441607082
done
2
138
1000000
-5.651905747582257
46
0
170
1000001
5.181151836252943
47
1
0
0
1
0
183
connections
0.5538911498500492
link
1.1972134560348238
bias
0.5550554435977747
node
0.5538911498500492
enable
0.14698596412208606
disable
0.1950281535889147
step
0.09022983136380133
perturb
0.4862190441607082
done
4
25
1000002
-5.560086792714864
48
1
93
1000000
-4.49678012986427
49
1
93
183
1.0
50
0
183
1000000
-4.49678012986427
51
1
0
0
1
0
183
connections
0.5538911498500492
link
1.1972134560348238
bias
0.5550554435977747
node
0.5538911498500492
enable
0.14698596412208606
disable
0.1950281535889147
step
0.09022983136380133
perturb
0.4862190441607082
done
4
34
1000002
-8.704656497129704
52
0
182
1000002
-4.4160657462102755
53
1
34
183
1.0
54
1
183
1000002
-8.704656497129704
55
1
0
0
1
0
182
connections
0.5538911498500492
link
1.1972134560348238
bias
0.5550554435977747
node
0.5538911498500492
enable
0.14698596412208606
disable
0.1950281535889147
step
0.09022983136380133
perturb
0.4862190441607082
done
2
4
1000003
-1.8100851463013155
56
1
121
1000003
2.5185282586819584
57
1
0
0
1
0
183
connections
0.5538911498500492
link
1.1972134560348238
bias
0.5550554435977747
node
0.5538911498500492
enable
0.14698596412208606
disable
0.1950281535889147
step
0.09022983136380133
perturb
0.4862190441607082
done
4
127
1000002
-5.796052900912816
58
0
182
1000002
-11.66856839562323
59
0
182
183
1.0
60
1
183
1000002
-11.66856839562323
61
1
0
0
1
0
182
connections
0.5538911498500492
link
1.1972134560348238
bias
0.5550554435977747
node
0.5538911498500492
enable
0.14698596412208606
disable
0.1950281535889147
step
0.09022983136380133
perturb
0.4862190441607082
done
1
88
1000001
3.0647142590760295
62
1
0
0
1
0
183
connections
0.5538911498500492
link
1.1972134560348238
bias
0.5550554435977747
node
0.5538911498500492
enable
0.14698596412208606
disable
0.1950281535889147
step
0.09022983136380133
perturb
0.4862190441607082
done
4
25
1000001
-3.0304514663891653
63
1
126
1000003
0.6754312771806896
64
0
126
183
1.0
65
1
183
1000003
0.6754312771806896
66
1
0
0
1
0
182
connections
0.5538911498500492
link
1.1972134560348238
bias
0.5550554435977747
node
0.5538911498500492
enable
0.14698596412208606
disable
0.1950281535889147
step
0.09022983136380133
perturb
0.4862190441607082
done
1
164
1000003
2.0062707625606695
67
1
0
0
1
0
183
connections
0.5538911498500492
link
1.1972134560348238
bias
0.5550554435977747
node
0.5538911498500492
enable
0.14698596412208606
disable
0.1950281535889147
step
0.09022983136380133
perturb
0.4862190441607082
done
4
12
1000001
4.08252306449841
68
1
182
1000003
-1.0819802121436806
69
0
182
183
1.0
70
1
183
1000003
-1.0819802121436806
71
1
0
0
1
0
183
connections
0.5538911498500492
link
1.1972134560348238
bias
0.5550554435977747
node
0.5538911498500492
enable
0.14698596412208606
disable
0.1950281535889147
step
0.09022983136380133
perturb
0.4862190441607082
done
3
143
1000000
-7.552282552211587
72
0
143
183
1.0
73
1
183
1000000
-7.552282552211587
74
0
0
0
1
0
182
connections
0.5538911498500492
link
1.1972134560348238
bias
0.5550554435977747
node
0.5538911498500492
enable
0.14698596412208606
disable
0.1950281535889147
step
0.09022983136380133
perturb
0.4862190441607082
done
2
62
1000002
-0.21075274057728488
75
1
82
1000001
0.03762993303923201
76
1
0
0
1
0
182
connections
0.5538911498500492
link
1.1972134560348238
bias
0.5550554435977747
node
0.5538911498500492
enable
0.14698596412208606
disable
0.1950281535889147
step
0.09022983136380133
perturb
0.4862190441607082
done
1
54
1000002
-4.925641530646857
77
1
0
0
1
0
183
connections
0.5538911498500492
link
1.1972134560348238
bias
0.5550554435977747
node
0.5538911498500492
enable
0.14698596412208606
disable
0.1950281535889147
step
0.09022983136380133
perturb
0.4862190441607082
done
3
27
1000000
0.6660508468384254
78
0
27
183
1.0
79
0
183
1000000
0.6660508468384254
80
1
0
0
1
0
183
connections
0.5538911498500492
link
1.1972134560348238
bias
0.5550554435977747
node
0.5538911498500492
enable
0.14698596412208606
disable
0.1950281535889147
step
0.09022983136380133
perturb
0.4862190441607082
done
3
122
1000002
4.223033834852357
81
1
122
183
1.0
82
1
183
1000002
4.223033834852357
83
1
0
0
1
0
183
connections
0.5538911498500492
link
1.1972134560348238
bias
0.5550554435977747
node
0.5538911498500492
enable
0.14698596412208606
disable
0.1950281535889147
step
0.09022983136380133
perturb
0.4862190441607082
done
3
102
1000003
5.287052424489361
84
1
102
183
1.0
85
1
183
1000003
5.287052424489361
86
1
0
0
1
0
183
connections
0.5538911498500492
link
1.1972134560348238
bias
0.5550554435977747
node
0.5538911498500492
enable
0.14698596412208606
disable
0.1950281535889147
step
0.09022983136380133
perturb
0.4862190441607082
done
3
180
1000000
-6.608914887660097
87
1
180
183
1.0
88
1
183
1000000
-6.608914887660097
89
1
0
0
1
0
183
connections
0.5538911498500492
link
1.1972134560348238
bias
0.5550554435977747
node
0.5538911498500492
enable
0.14698596412208606
disable
0.1950281535889147
step
0.09022983136380133
perturb
0.4862190441607082
done
4
103
1000000
-9.039722250757789
90
1
47
1000000
0.1948320066879745
91
0
47
183
1.0
92
1
183
1000000
0.1948320066879745
93
1
0
0
1
0
183
connections
0.5538911498500492
link
1.1972134560348238
bias
0.5550554435977747
node
0.5538911498500492
enable
0.14698596412208606
disable
0.1950281535889147
step
0.09022983136380133
perturb
0.4862190441607082
done
3
151
1000003
-3.39292230349099
94
1
151
183
1.0
95
1
183
1000003
-3.39292230349099
96
1
0
0
1
0
182
connections
0.5538911498500492
link
1.1972134560348238
bias
0.5550554435977747
node
0.5538911498500492
enable
0.14698596412208606
disable
0.1950281535889147
step
0.09022983136380133
perturb
0.4862190441607082
done
1
130
1000000
-4.860079283650883
97
1
0
0
1
0
182
connections
0.5538911498500492
link
1.1972134560348238
bias
0.5550554435977747
node
0.5538911498500492
enable
0.14698596412208606
disable
0.1950281535889147
step
0.09022983136380133
perturb
0.4862190441607082
done
2
119
1000001
-5.3500205969302
98
0
182
1000001
-4.87464439863985
99
1
0
0
1
0
183
connections
0.5538911498500492
link
1.1972134560348238
bias
0.5550554435977747
node
0.5538911498500492
enable
0.14698596412208606
disable
0.1950281535889147
step
0.09022983136380133
perturb
0.4862190441607082
done
4
1000003
1000001
-5.089930803565148
100
1
4
1000002
-1.308735238302937
101
1
4
183
1.0
102
1
183
1000002
-1.308735238302937
103
1
0
0
1
0
183
connections
0.5538911498500492
link
1.1972134560348238
bias
0.5550554435977747
node
0.5538911498500492
enable
0.14698596412208606
disable
0.1950281535889147
step
0.09022983136380133
perturb
0.4862190441607082
done
4
160
1000002
-5.802706607476227
104
0
128
1000002
-1.9321724395891224
105
0
160
183
1.0
106
1
183
1000002
-5.802706607476227
107
1
0
0
1
0
183
connections
0.5538911498500492
link
1.1972134560348238
bias
0.5550554435977747
node
0.5538911498500492
enable
0.14698596412208606
disable
0.1950281535889147
step
0.09022983136380133
perturb
0.4862190441607082
done
4
2
1000003
1.0675260211077333
108
1
182
1000002
2.6814602743523377
109
0
182
183
1.0
110
1
183
1000002
2.6814602743523377
111
1
0
0
1
0
183
connections
0.5538911498500492
link
1.1972134560348238
bias
0.5550554435977747
node
0.5538911498500492
enable
0.14698596412208606
disable
0.1950281535889147
step
0.09022983136380133
perturb
0.4862190441607082
done
4
61
1000001
2.827474358883543
112
0
177
1000001
-2.583367942527665
113
1
61
183
1.0
114
1
183
1000001
2.827474358883543
115
1
0
0
1
0
182
connections
0.5538911498500492
link
1.1972134560348238
bias
0.5550554435977747
node
0.5538911498500492
enable
0.14698596412208606
disable
0.1950281535889147
step
0.09022983136380133
perturb
0.4862190441607082
done
2
103
1000001
-8.388474749490063
116
1
60
1000000
2.933809964278039
117
1
0
0
1
0
183
connections
0.5538911498500492
link
1.1972134560348238
bias
0.5550554435977747
node
0.5538911498500492
enable
0.14698596412208606
disable
0.1950281535889147
step
0.09022983136380133
perturb
0.4862190441607082
done
4
178
1000001
-5.425724626954108
118
1
182
1000002
-0.9517658376916547
119
0
182
183
1.0
120
1
183
1000002
-0.9517658376916547
121
1
0
0
1
0
182
connections
0.5538911498500492
link
1.1972134560348238
bias
0.5550554435977747
node
0.5538911498500492
enable
0.14698596412208606
disable
0.1950281535889147
step
0.09022983136380133
perturb
0.4862190441607082
done
1
39
1000001
-3.6204698925728773
122
0
0
0
1
0
182
connections
0.5538911498500492
link
1.1972134560348238
bias
0.5550554435977747
node
0.5538911498500492
enable
0.14698596412208606
disable
0.1950281535889147
step
0.09022983136380133
perturb
0.4862190441607082
done
2
60
1000002
-5.510781850648634
123
1
21
1000003
-0.08388548873065527
124
1
0
0
1
0
183
connections
0.5538911498500492
link
1.1972134560348238
bias
0.5550554435977747
node
0.5538911498500492
enable
0.14698596412208606
disable
0.1950281535889147
step
0.09022983136380133
perturb
0.4862190441607082
done
4
144
1000001
-1.2969746995810563
125
0
119
1000000
-4.552619405359971
126
1
144
183
1.0
127
1
183
1000001
-1.2969746995810563
128
1
0
0
1
0
183
connections
0.5538911498500492
link
1.1972134560348238
bias
0.5550554435977747
node
0.5538911498500492
enable
0.14698596412208606
disable
0.1950281535889147
step
0.09022983136380133
perturb
0.4862190441607082
done
5
116
1000002
-6.902742098795742
129
1
35
1000001
-3.570383380550256
130
1
182
1000001
3.5068156695534736
131
0
182
183
1.0
132
1
183
1000001
3.5068156695534736
133
1
0
0
1
0
183
connections
0.5538911498500492
link
1.1972134560348238
bias
0.5550554435977747
node
0.5538911498500492
enable
0.14698596412208606
disable
0.1950281535889147
step
0.09022983136380133
perturb
0.4862190441607082
done
4
98
1000002
0.9054198429090303
134
1
22
1000002
-8.200111096158139
135
1
98
183
1.0
136
1
183
1000002
0.9054198429090303
137
1
0
0
1
0
183
connections
0.5538911498500492
link
1.1972134560348238
bias
0.5550554435977747
node
0.5538911498500492
enable
0.14698596412208606
disable
0.1950281535889147
step
0.09022983136380133
perturb
0.4862190441607082
done
4
120
1000003
-10.380853099915962
138
0
36
1000000
-1.3078074224901217
139
1
120
183
1.0
140
1
183
1000003
-10.380853099915962
141
1
0
0
1
0
183
connections
0.5538911498500492
link
1.1972134560348238
bias
0.5550554435977747
node
0.5538911498500492
enable
0.14698596412208606
disable
0.1950281535889147
step
0.09022983136380133
perturb
0.4862190441607082
done
5
176
1000000
-0.48172855130947
142
0
135
1000002
-7.565263612313325
143
0
182
1000001
-3.7603194168088194
144
1
135
183
1.0
145
1
183
1000002
-7.565263612313325
146
1
0
0
1
0
183
connections
0.5538911498500492
link
1.1972134560348238
bias
0.5550554435977747
node
0.5538911498500492
enable
0.14698596412208606
disable
0.1950281535889147
step
0.09022983136380133
perturb
0.4862190441607082
done
4
91
1000002
-0.7715914168079849
147
1
97
1000002
-1.8369394465791278
148
1
91
183
1.0
149
0
183
1000002
-0.7715914168079849
150
1
0
0
1
0
183
connections
0.5538911498500492
link
1.1972134560348238
bias
0.5550554435977747
node
0.5538911498500492
enable
0.14698596412208606
disable
0.1950281535889147
step
0.09022983136380133
perturb
0.4862190441607082
done
3
97
1000003
-1.9804691751187646
151
0
97
183
1.0
152
1
183
1000003
-1.9804691751187646
153
0
0
0
1
0
183
connections
0.5538911498500492
link
1.1972134560348238
bias
0.5550554435977747
node
0.5538911498500492
enable
0.14698596412208606
disable
0.1950281535889147
step
0.09022983136380133
perturb
0.4862190441607082
done
4
25
1000002
4.878625516684184
154
0
153
1000003
-0.8169653117414022
155
0
153
183
1.0
156
1
183
1000003
-0.8169653117414022
157
1
0
0
1
0
183
connections
0.5538911498500492
link
1.1972134560348238
bias
0.5550554435977747
node
0.5538911498500492
enable
0.14698596412208606
disable
0.1950281535889147
step
0.09022983136380133
perturb
0.4862190441607082
done
5
126
1000003
-2.24138073603354
158
1
123
1000003
0.40699239561822154
159
1
182
1000002
-2.639535869204952
160
1
126
183
1.0
161
1
183
1000003
-2.24138073603354
162
1
0
0
1
0
183
connections
0.5538911498500492
link
1.1972134560348238
bias
0.5550554435977747
node
0.5538911498500492
enable
0.14698596412208606
disable
0.1950281535889147
step
0.09022983136380133
perturb
0.4862190441607082
done
3
1000003
1000000
-6.2423481479329315
163
0
1000003
183
1.0
164
1
183
1000000
-6.2423481479329315
165
1
0
0
1
0
183
connections
0.5538911498500492
link
1.1972134560348238
bias
0.5550554435977747
node
0.5538911498500492
enable
0.14698596412208606
disable
0.1950281535889147
step
0.09022983136380133
perturb
0.4862190441607082
done
5
175
1000003
-4.585305255571103
166
1
12
1000002
-11.087930425715985
167
1
182
1000003
-8.818386418563815
168
0
182
183
1.0
169
1
183
1000003
-8.818386418563815
170
1
0
0
1
0
183
connections
0.5538911498500492
link
1.1972134560348238
bias
0.5550554435977747
node
0.5538911498500492
enable
0.14698596412208606
disable
0.1950281535889147
step
0.09022983136380133
perturb
0.4862190441607082
done
3
171
1000002
-5.880232534980261
171
0
171
183
1.0
172
1
183
1000002
-5.880232534980261
173
1
0
0
1
0
183
connections
0.5538911498500492
link
1.1972134560348238
bias
0.5550554435977747
node
0.5538911498500492
enable
0.14698596412208606
disable
0.1950281535889147
step
0.09022983136380133
perturb
0.4862190441607082
done
4
154
1000002
4.763819830080768
174
1
182
1000001
-1.9592620139942893
175
0
182
183
1.0
176
1
183
1000001
-1.9592620139942893
177
1
0
0
1
0
182
connections
0.5538911498500492
link
1.1972134560348238
bias
0.5550554435977747
node
0.5538911498500492
enable
0.14698596412208606
disable
0.1950281535889147
step
0.09022983136380133
perturb
0.4862190441607082
done
2
73
1000000
-1.3080258844782353
178
1
182
1000001
-2.109586396094046
179
1
0
0
1
0
182
connections
0.5538911498500492
link
1.1972134560348238
bias
0.5550554435977747
node
0.5538911498500492
enable
0.14698596412208606
disable
0.1950281535889147
step
0.09022983136380133
perturb
0.4862190441607082
done
1
64
1000000
-0.13083452879745283
180
1
0
0
1
0
183
connections
0.5538911498500492
link
1.1972134560348238
bias
0.5550554435977747
node
0.5538911498500492
enable
0.14698596412208606
disable
0.1950281535889147
step
0.09022983136380133
perturb
0.4862190441607082
done
4
48
1000002
-1.7330562760779922
181
1
182
1000000
1.6095616461958424
182
0
182
183
1.0
183
1
183
1000000
1.6095616461958424
184
1
0
0
1
0
182
connections
0.5538911498500492
link
1.1972134560348238
bias
0.5550554435977747
node
0.5538911498500492
enable
0.14698596412208606
disable
0.1950281535889147
step
0.09022983136380133
perturb
0.4862190441607082
done
2
48
1000001
-4.849313701807894
185
1
18
1000003
3.043790794646724
186
1
0
0
1
0
183
connections
0.5538911498500492
link
1.1972134560348238
bias
0.5550554435977747
node
0.5538911498500492
enable
0.14698596412208606
disable
0.1950281535889147
step
0.09022983136380133
perturb
0.4862190441607082
done
4
2
1000001
-9.06453295175969
187
0
182
1000001
0.5975644741024322
188
1
2
183
1.0
189
1
183
1000001
-9.06453295175969
190
1
0
0
1
0
183
connections
0.5538911498500492
link
1.1972134560348238
bias
0.5550554435977747
node
0.5538911498500492
enable
0.14698596412208606
disable
0.1950281535889147
step
0.09022983136380133
perturb
0.4862190441607082
done
4
48
1000000
-3.3256662169395894
191
1
39
1000001
-2.355826029727003
192
0
39
183
1.0
193
1
183
1000001
-2.355826029727003
194
0
0
0
1
0
183
connections
0.5538911498500492
link
1.1972134560348238
bias
0.5550554435977747
node
0.5538911498500492
enable
0.14698596412208606
disable
0.1950281535889147
step
0.09022983136380133
perturb
0.4862190441607082
done
3
85
1000002
-1.7446780535207584
195
0
85
183
1.0
196
1
183
1000002
-1.7446780535207584
197
1
0
0
1
0
183
connections
0.5538911498500492
link
1.1972134560348238
bias
0.5550554435977747
node
0.5538911498500492
enable
0.14698596412208606
disable
0.1950281535889147
step
0.09022983136380133
perturb
0.4862190441607082
done
4
34
1000001
-5.428711230514249
198
0
0
1000000
-5.227133623843487
199
1
34
183
1.0
200
1
183
1000001
-5.428711230514249
201
1
0
0
1
0
183
connections
0.5538911498500492
link
1.1972134560348238
bias
0.5550554435977747
node
0.5538911498500492
enable
0.14698596412208606
disable
0.1950281535889147
step
0.09022983136380133
perturb
0.4862190441607082
done
3
93
1000002
-0.2867441813238636
202
1
93
183
1.0
203
1
183
1000002
-0.2867441813238636
204
1
0
0
1
0
183
connections
0.5538911498500492
link
1.1972134560348238
bias
0.5550554435977747
node
0.5538911498500492
enable
0.14698596412208606
disable
0.1950281535889147
step
0.09022983136380133
perturb
0.4862190441607082
done
4
30
1000002
-5.589194578430238
205
1
72
1000003
-6.874686356337194
206
1
30
183
1.0
207
1
183
1000002
-5.589194578430238
208
1
0
0
1
0
183
connections
0.5538911498500492
link
1.1972134560348238
bias
0.5550554435977747
node
0.5538911498500492
enable
0.14698596412208606
disable
0.1950281535889147
step
0.09022983136380133
perturb
0.4862190441607082
done
4
79
1000001
0.22459034384378462
209
1
182
1000002
-1.6115211992629968
210
1
182
183
1.0
211
1
183
1000002
-1.6115211992629968
212
1
0
0
1
0
183
connections
0.5538911498500492
link
1.1972134560348238
bias
0.5550554435977747
node
0.5538911498500492
enable
0.14698596412208606
disable
0.1950281535889147
step
0.09022983136380133
perturb
0.4862190441607082
done
4
172
1000000
-2.125519649734556
213
1
182
1000000
4.482997880597909
214
1
172
183
1.0
215
1
183
1000000
-2.125519649734556
216
1
0
0
1
0
183
connections
0.5538911498500492
link
1.1972134560348238
bias
0.5550554435977747
node
0.5538911498500492
enable
0.14698596412208606
disable
0.1950281535889147
step
0.09022983136380133
perturb
0.4862190441607082
done
4
152
1000003
-3.651114930985891
217
1
10
1000001
-0.40824957476475876
218
0
152
183
1.0
219
1
183
1000003
-3.651114930985891
220
1
0
0
1
0
183
connections
0.5538911498500492
link
1.1972134560348238
bias
0.5550554435977747
node
0.5538911498500492
enable
0.14698596412208606
disable
0.1950281535889147
step
0.09022983136380133
perturb
0.4862190441607082
done
3
85
1000003
3.1339721951094637
221
0
85
183
1.0
222
0
183
1000003
3.1339721951094637
223
1
0
0
1
0
183
connections
0.5538911498500492
link
1.1972134560348238
bias
0.5550554435977747
node
0.5538911498500492
enable
0.14698596412208606
disable
0.1950281535889147
step
0.09022983136380133
perturb
0.4862190441607082
done
4
49
1000000
-3.4032614934911543
224
1
182
1000002
-2.276236619276111
225
1
182
183
1.0
226
1
183
1000002
-2.276236619276111
227
1
0
0
1
0
183
connections
0.5538911498500492
link
1.1972134560348238
bias
0.5550554435977747
node
0.5538911498500492
enable
0.14698596412208606
disable
0.1950281535889147
step
0.09022983136380133
perturb
0.4862190441607082
done
3
7
1000000
-1.5692754901019306
228
1
7
183
1.0
229
1
183
1000000
-1.5692754901019306
230
1
0
0
1
0
182
connections
0.5538911498500492
link
1.1972134560348238
bias
0.5550554435977747
node
0.5538911498500492
enable
0.14698596412208606
disable
0.1950281535889147
step
0.09022983136380133
perturb
0.4862190441607082
done
1
167
1000003
3.0006810525838628
231
0
0
0
1
0
183
connections
0.5538911498500492
link
1.1972134560348238
bias
0.5550554435977747
node
0.5538911498500492
enable
0.14698596412208606
disable
0.1950281535889147
step
0.09022983136380133
perturb
0.4862190441607082
done
4
86
1000001
-3.815509454397346
232
1
160
1000003
1.411904953258024
233
0
160
183
1.0
234
1
183
1000003
1.411904953258024
235
1
0
0
1
0
183
connections
0.5538911498500492
link
1.1972134560348238
bias
0.5550554435977747
node
0.5538911498500492
enable
0.14698596412208606
disable
0.1950281535889147
step
0.09022983136380133
perturb
0.4862190441607082
done
3
140
1000000
-12.121640166172028
236
0
140
183
1.0
237
1
183
1000000
-12.121640166172028
238
1
0
0
1
0
183
connections
0.5538911498500492
link
1.1972134560348238
bias
0.5550554435977747
node
0.5538911498500492
enable
0.14698596412208606
disable
0.1950281535889147
step
0.09022983136380133
perturb
0.4862190441607082
done
5
16
1000000
-4.468797378076191
239
1
4
1000000
1.303732005804838
240
0
182
1000001
-0.7406222774796984
241
1
4
183
1.0
242
1
183
1000000
1.303732005804838
243
1
0
0
1
0
183
connections
0.5538911498500492
link
1.1972134560348238
bias
0.5550554435977747
node
0.5538911498500492
enable
0.14698596412208606
disable
0.1950281535889147
step
0.09022983136380133
perturb
0.4862190441607082
done
4
15
1000002
-2.1857996156665123
244
1
52
1000003
-0.6382614948755119
245
0
52
183
1.0
246
1
183
1000003
-0.6382614948755119
247
0
0
0
1
0
182
connections
0.5538911498500492
link
1.1972134560348238
bias
0.5550554435977747
node
0.5538911498500492
enable
0.14698596412208606
disable
0.1950281535889147
step
0.09022983136380133
perturb
0.4862190441607082
done
2
160
1000001
5.167747814143353
248
1
5
1000002
0.012191356425914623
249
1
0
0
1
0
182
connections
0.5538911498500492
link
1.1972134560348238
bias
0.5550554435977747
node
0.5538911498500492
enable
0.14698596412208606
disable
0.1950281535889147
step
0.09022983136380133
perturb
0.4862190441607082
done
1
148
1000003
-3.785425676035092
250
1
0
0
1
0
182
connections
0.5538911498500492
link
1.1972134560348238
bias
0.5550554435977747
node
0.5538911498500492
enable
0.14698596412208606
disable
0.1950281535889147
step
0.09022983136380133
perturb
0.4862190441607082
done
2
163
1000002
-6.5225275678734365
251
0
6
1000002
0.696381123916102
252
1
0
0
1
0
183
connections
0.5538911498500492
link
1.1972134560348238
bias
0.5550554435977747
node
0.5538911498500492
enable
0.14698596412208606
disable
0.1950281535889147
step
0.09022983136380133
perturb
0.4862190441607082
done
4
67
1000002
-5.123400532326702
253
1
176
1000001
2.1408650440263006
254
0
176
183
1.0
255
1
183
1000001
2.1408650440263006
256
1
0
0
1
0
182
connections
0.5538911498500492
link
1.1972134560348238
bias
0.5550554435977747
node
0.5538911498500492
enable
0.14698596412208606
disable
0.1950281535889147
step
0.09022983136380133
perturb
0.4862190441607082
done
1
111
1000002
1.5630205755525446
257
0
0
0
1
0
182
connections
0.5538911498500492
link
1.1972134560348238
bias
0.5550554435977747
node
0.5538911498500492
enable
0.14698596412208606
disable
0.1950281535889147
step
0.09022983136380133
perturb
0.4862190441607082
done
1
88
1000003
1.7371484909789294
258
1
0
0
1
0
183
connections
0.5538911498500492
link
1.1972134560348238
bias
0.5550554435977747
node
0.5538911498500492
enable
0.14698596412208606
disable
0.1950281535889147
step
0.09022983136380133
perturb
0.4862190441607082
done
4
41
1000000
-4.2780679589646375
259
1
102
1000001
1.337038301201658
260
1
41
183
1.0
261
1
183
1000000
-4.2780679589646375
262
0
0
0
1
0
183
connections
0.5538911498500492
link
1.1972134560348238
bias
0.5550554435977747
node
0.5538911498500492
enable
0.14698596412208606
disable
0.1950281535889147
step
0.09022983136380133
perturb
0.4862190441607082
done
4
112
1000002
-2.2283618116677966
263
1
92
1000000
-4.586009110122077
264
1
92
183
1.0
265
1
183
1000000
-4.586009110122077
266
1
0
0
1
0
183
connections
0.5538911498500492
link
1.1972134560348238
bias
0.5550554435977747
node
0.5538911498500492
enable
0.14698596412208606
disable
0.1950281535889147
step
0.09022983136380133
perturb
0.4862190441607082
done
4
47
1000002
1.6784826251132445
267
0
182
1000000
0.4363276462971264
268
1
47
183
1.0
269
0
183
1000002
1.6784826251132445
270
1
0
0
1
0
182
connections
0.5538911498500492
link
1.1972134560348238
bias
0.5550554435977747
node
0.5538911498500492
enable
0.14698596412208606
disable
0.1950281535889147
step
0.09022983136380133
perturb
0.4862190441607082
done
2
103
1000003
0.8010272851033551
271
1
182
1000003
-6.419830502256655
272
1
0
0
1
0
182
connections
0.5538911498500492
link
1.1972134560348238
bias
0.5550554435977747
node
0.5538911498500492
enable
0.14698596412208606
disable
0.1950281535889147
step
0.09022983136380133
perturb
0.4862190441607082
done
1
4
1000000
-2.8346556587513727
273
1
0
0
1
0
182
connections
0.5538911498500492
link
1.1972134560348238
bias
0.5550554435977747
node
0.5538911498500492
enable
0.14698596412208606
disable
0.1950281535889147
step
0.09022983136380133
perturb
0.4862190441607082
done
1
5
1000000
-4.430617129722277
274
0
0
0
1
0
183
connections
0.5538911498500492
link
1.1972134560348238
bias
0.5550554435977747
node
0.5538911498500492
enable
0.14698596412208606
disable
0.1950281535889147
step
0.09022983136380133
perturb
0.4862190441607082
done
3
148
1000001
-2.0868212631870526
275
0
148
183
1.0
276
1
183
1000001
-2.0868212631870526
277
1
0
0
1
0
183
connections
0.5538911498500492
link
1.1972134560348238
bias
0.5550554435977747
node
0.5538911498500492
enable
0.14698596412208606
disable
0.1950281535889147
step
0.09022983136380133
perturb
0.4862190441607082
done
4
125
1000002
0.11988120201877939
278
1
182
1000002
-7.400303098688978
279
0
182
183
1.0
280
1
183
1000002
-7.400303098688978
281
1
0
0
1
0
182
connections
0.5538911498500492
link
1.1972134560348238
bias
0.5550554435977747
node
0.5538911498500492
enable
0.14698596412208606
disable
0.1950281535889147
step
0.09022983136380133
perturb
0.4862190441607082
done
2
110
1000001
2.645016243742929
282
1
182
1000001
-7.409565545515703
283
0
0
0
1
0
182
connections
0.5538911498500492
link
1.1972134560348238
bias
0.5550554435977747
node
0.5538911498500492
enable
0.14698596412208606
disable
0.1950281535889147
step
0.09022983136380133
perturb
0.4862190441607082
done
3
94
1000000
-1.5398434067183744
284
1
51
1000000
-1.4641188079333185
285
1
182
1000003
-1.9838460284118624
286
1
0
0
1
0
182
connections
0.5538911498500492
link
1.1972134560348238
bias
0.5550554435977747
node
0.5538911498500492
enable
0.14698596412208606
disable
0.1950281535889147
step
0.09022983136380133
perturb
0.4862190441607082
done
2
164
1000002
-3.1071921351710756
287
1
182
1000000
1.4720548471375774
288
1
0
0
1
0
182
connections
0.5538911498500492
link
1.1972134560348238
bias
0.5550554435977747
node
0.5538911498500492
enable
0.14698596412208606
disable
0.1950281535889147
step
0.09022983136380133
perturb
0.4862190441607082
done
1
89
1000003
-6.6649558053298685
289
1
0
0
1
0
182
connections
0.5538911498500492
link
1.1972134560348238
bias
0.5550554435977747
node
0.5538911498500492
enable
0.14698596412208606
disable
0.1950281535889147
step
0.09022983136380133
perturb
0.4862190441607082
done
1
45
1000003
4.086155865554236
290
1
0
0
1
0
182
connections
0.5538911498500492
link
1.1972134560348238
bias
0.5550554435977747
node
0.5538911498500492
enable
0.14698596412208606
disable
0.1950281535889147
step
0.09022983136380133
perturb
0.4862190441607082
done
2
109
1000000
-5.787475844791981
291
1
23
1000001
-1.425142881466376
292
1
0
0
1
0
182
connections
0.5538911498500492
link
1.1972134560348238
bias
0.5550554435977747
node
0.5538911498500492
enable
0.14698596412208606
disable
0.1950281535889147
step
0.09022983136380133
perturb
0.4862190441607082
done
1
73
1000001
-3.792077730656593
293
1
0
0
1
0
182
connections
0.5538911498500492
link
1.1972134560348238
bias
0.5550554435977747
node
0.5538911498500492
enable
0.14698596412208606
disable
0.1950281535889147
step
0.09022983136380133
perturb
0.4862190441607082
done
1
8
1000002
2.932319916217896
294
1
0
0
1
0
183
connections
0.5538911498500492
link
1.1972134560348238
bias
0.5550554435977747
node
0.5538911498500492
enable
0.14698596412208606
disable
0.1950281535889147
step
0.09022983136380133
perturb
0.4862190441607082
done
3
53
1000001
-3.4276661766422
295
0
53
183
1.0
296
1
183
1000001
-3.4276661766422
297
0
0
0
1
0
182
connections
0.5538911498500492
link
1.1972134560348238
bias
0.5550554435977747
node
0.5538911498500492
enable
0.14698596412208606
disable
0.1950281535889147
step
0.09022983136380133
perturb
0.4862190441607082
done
2
52
1000003
5.224228866333108
298
1
120
1000000
-4.009888035982854
299
1
0
0
1
0
182
connections
0.5538911498500492
link
1.1972134560348238
bias
0.5550554435977747
node
0.5538911498500492
enable
0.14698596412208606
disable
0.1950281535889147
step
0.09022983136380133
perturb
0.4862190441607082
done
2
93
1000003
-3.3996171744448587
300
1
108
1000002
-3.9127580537845748
301
1
0
0
1
0
183
connections
0.5538911498500492
link
1.1972134560348238
bias
0.5550554435977747
node
0.5538911498500492
enable
0.14698596412208606
disable
0.1950281535889147
step
0.09022983136380133
perturb
0.4862190441607082
done
3
99
1000000
-2.6076765565095403
302
0
99
183
1.0
303
1
183
1000000
-2.6076765565095403
304
1
0
0
1
0
182
connections
0.5538911498500492
link
1.1972134560348238
bias
0.5550554435977747
node
0.5538911498500492
enable
0.14698596412208606
disable
0.1950281535889147
step
0.09022983136380133
perturb
0.4862190441607082
done
2
118
1000002
-8.829678133209443
305
1
81
1000002
-2.7566522156346784
306
1
0
0
1
0
183
connections
0.5538911498500492
link
1.1972134560348238
bias
0.5550554435977747
node
0.5538911498500492
enable
0.14698596412208606
disable
0.1950281535889147
step
0.09022983136380133
perturb
0.4862190441607082
done
4
84
1000002
-2.26088992644048
307
0
93
1000003
-12.31197222705142
308
1
84
183
1.0
309
1
183
1000002
-2.26088992644048
310
1
0
0
1
0
182
connections
0.5538911498500492
link
1.1972134560348238
bias
0.5550554435977747
node
0.5538911498500492
enable
0.14698596412208606
disable
0.1950281535889147
step
0.09022983136380133
perturb
0.4862190441607082
done
2
72
1000001
-4.6697710939058386
311
1
164
1000000
-3.015935788482812
312
1
0
0
1
0
182
connections
0.5538911498500492
link
1.1972134560348238
bias
0.5550554435977747
node
0.5538911498500492
enable
0.14698596412208606
disable
0.1950281535889147
step
0.09022983136380133
perturb
0.4862190441607082
done
2
51
1000003
-1.8751290215368914
313
1
170
1000000
2.9901847717556613
314
1
0
0
1
0
183
connections
0.5538911498500492
link
1.1972134560348238
bias
0.5550554435977747
node
0.5538911498500492
enable
0.14698596412208606
disable
0.1950281535889147
step
0.09022983136380133
perturb
0.4862190441607082
done
3
103
1000003
0.35631693044748447
315
0
103
183
1.0
316
1
183
1000003
0.35631693044748447
317
1
0
0
1
0
182
connections
0.5538911498500492
link
1.1972134560348238
bias
0.5550554435977747
node
0.5538911498500492
enable
0.14698596412208606
disable
0.1950281535889147
step
0.09022983136380133
perturb
0.4862190441607082
done
3
137
1000000
-5.401790733894057
318
1
37
1000003
-8.320452506908712
319
1
182
1000001
-3.5451632886201616
320
1
0
0
1
0
183
connections
0.5538911498500492
link
1.1972134560348238
bias
0.5550554435977747
node
0.5538911498500492
enable
0.14698596412208606
disable
0.1950281535889147
step
0.09022983136380133
perturb
0.4862190441607082
done
4
70
1000001
-2.435929394716721
321
1
125
1000000
-8.593275078936685
322
1
125
183
1.0
323
1
183
1000000
-8.593275078936685
324
1
0
0
1
0
183
connections
0.5538911498500492
link
1.1972134560348238
bias
0.5550554435977747
node
0.5538911498500492
enable
0.14698596412208606
disable
0.1950281535889147
step
0.09022983136380133
perturb
0.4862190441607082
done
5
6
1000000
0.6126252983506593
325
1
119
1000003
-4.325859335010257
326
0
182
1000000
-1.9857964330267455
327
1
119
183
1.0
328
1
183
1000003
-4.325859335010257
329
1
0
0
1
0
183
connections
0.5538911498500492
link
1.1972134560348238
bias
0.5550554435977747
node
0.5538911498500492
enable
0.14698596412208606
disable
0.1950281535889147
step
0.09022983136380133
perturb
0.4862190441607082
done
4
84
1000002
4.207571118680175
330
0
182
1000002
-4.566227997842651
331
1
84
183
1.0
332
1
183
1000002
4.207571118680175
333
1
0
0
1
0
182
connections
0.5538911498500492
link
1.1972134560348238
bias
0.5550554435977747
node
0.5538911498500492
enable
0.14698596412208606
disable
0.1950281535889147
step
0.09022983136380133
perturb
0.4862190441607082
done
2
48
1000002
-5.404341313616759
334
1
49
1000002
-2.3812351486477183
335
1
0
0
1
0
183
connections
0.5538911498500492
link
1.1972134560348238
bias
0.5550554435977747
node
0.5538911498500492
enable
0.14698596412208606
disable
0.1950281535889147
step
0.09022983136380133
perturb
0.4862190441607082
done
4
62
1000002
3.486061035332635
336
0
131
1000002
-5.7679098643162
337
1
62
183
1.0
338
0
183
1000002
3.486061035332635
339
1
0
0
1
0
182
connections
0.5538911498500492
link
1.1972134560348238
bias
0.5550554435977747
node
0.5538911498500492
enable
0.14698596412208606
disable
0.1950281535889147
step
0.09022983136380133
perturb
0.4862190441607082
done
2
38
1000000
-4.235388634735173
340
1
182
1000002
-4.900848694266202
341
1
0
0
1
0
182
connections
0.5538911498500492
link
1.1972134560348238
bias
0.5550554435977747
node
0.5538911498500492
enable
0.14698596412208606
disable
0.1950281535889147
step
0.09022983136380133
perturb
0.4862190441607082
done
2
98
1000003
-0.7304724063141719
342
1
15
1000000
0.24798857669307095
343
0
0
0
1
0
182
connections
0.5538911498500492
link
1.1972134560348238
bias
0.5550554435977747
node
0.5538911498500492
enable
0.14698596412208606
disable
0.1950281535889147
step
0.09022983136380133
perturb
0.4862190441607082
done
2
148
1000001
-7.733597482783879
344
1
41
1000000
-1.9329331465145425
345
1
0
0
1
0
182
connections
0.5538911498500492
link
1.1972134560348238
bias
0.5550554435977747
node
0.5538911498500492
enable
0.14698596412208606
disable
0.1950281535889147
step
0.09022983136380133
perturb
0.4862190441607082
done
2
5
1000003
-9.528561200908296
346
1
76
1000003
-1.6696055509640875
347
1
0
0
1
0
182
connections
0.5538911498500492
link
1.1972134560348238
bias
0.5550554435977747
node
0.5538911498500492
enable
0.14698596412208606
disable
0.1950281535889147
step
0.09022983136380133
perturb
0.4862190441607082
done
1
27
1000001
0.10384417820987091
348
1
0
0
1
0
182
connections
0.5538911498500492
link
1.1972134560348238
bias
0.5550554435977747
node
0.5538911498500492
enable
0.14698596412208606
disable
0.1950281535889147
step
0.09022983136380133
perturb
0.4862190441607082
done
1
128
1000000
0.7784933153868394
349
1
0
0
1
0
182
connections
0.5538911498500492
link
1.1972134560348238
bias
0.5550554435977747
node
0.5538911498500492
enable
0.14698596412208606
disable
0.1950281535889147
step
0.09022983136380133
perturb
0.4862190441607082
done
2
174
1000001
0.9160540303152311
350
1
107
1000003
3.05073832420001
351
1
0
0
1
0
182
connections
0.5538911498500492
link
1.1972134560348238
bias
0.5550554435977747
node
0.5538911498500492
enable
0.14698596412208606
disable
0.1950281535889147
step
0.09022983136380133
perturb
0.4862190441607082
done
3
160
1000003
2.954897753663041
352
0
69
1000003
1.9869509875278801
353
1
182
1000001
2.12375987019332
354
1
0
0
1
0
183
connections
0.5538911498500492
link
1.1972134560348238
bias
0.5550554435977747
node
0.5538911498500492
enable
0.14698596412208606
disable
0.1950281535889147
step
0.09022983136380133
perturb
0.4862190441607082
done
4
79
1000000
-2.6853353698181675
355
0
131
1000000
-3.8064455960920465
356
1
79
183
1.0
357
1
183
1000000
-2.6853353698181675
358
1
0
0
1
0
182
connections
0.5538911498500492
link
1.1972134560348238
bias
0.5550554435977747
node
0.5538911498500492
enable
0.14698596412208606
disable
0.1950281535889147
step
0.09022983136380133
perturb
0.4862190441607082
done
2
16
1000000
4.57354142396948
359
1
146
1000000
-7.33238622787184
360
1
0
0
1
0
182
connections
0.5538911498500492
link
1.1972134560348238
bias
0.5550554435977747
node
0.5538911498500492
enable
0.14698596412208606
disable
0.1950281535889147
step
0.09022983136380133
perturb
0.4862190441607082
done
2
134
1000000
-4.035963961242839
361
1
100
1000000
0.4950483713124858
362
1
0
0
1
0
183
connections
0.5538911498500492
link
1.1972134560348238
bias
0.5550554435977747
node
0.5538911498500492
enable
0.14698596412208606
disable
0.1950281535889147
step
0.09022983136380133
perturb
0.4862190441607082
done
4
59
1000002
-8.634900454098414
363
1
163
1000001
1.3232646159385766
364
0
163
183
1.0
365
1
183
1000001
1.3232646159385766
366
1
0
0
1
0
182
connections
0.5538911498500492
link
1.1972134560348238
bias
0.5550554435977747
node
0.5538911498500492
enable
0.14698596412208606
disable
0.1950281535889147
step
0.09022983136380133
perturb
0.4862190441607082
done
2
118
1000002
-1.1983832974144593
367
1
182
1000002
3.4599847642702253
368
0
0
0
1
0
182
connections
0.5538911498500492
link
1.1972134560348238
bias
0.5550554435977747
node
0.5538911498500492
enable
0.14698596412208606
disable
0.1950281535889147
step
0.09022983136380133
perturb
0.4862190441607082
done
2
138
1000001
-0.5920014123807396
369
1
98
1000003
-3.119009095821383
370
1
0
0
1
0
182
connections
0.5538911498500492
link
1.1972134560348238
bias
0.5550554435977747
node
0.5538911498500492
enable
0.14698596412208606
disable
0.1950281535889147
step
0.09022983136380133
perturb
0.4862190441607082
done
3
29
1000000
-10.50985117610517
371
1
40
1000000
-1.756206755972119
372
1
182
1000001
-1.190366897360374
373
1
0
0
1
0
182
connections
0.5538911498500492
link
1.1972134560348238
bias
0.5550554435977747
node
0.5538911498500492
enable
0.14698596412208606
disable
0.1950281535889147
step
0.09022983136380133
perturb
0.4862190441607082
done
2
36
1000002
0.5046497167295017
374
1
182
1000000
-5.278673984552689
375
1
0
0
1
0
183
connections
0.5538911498500492
link
1.1972134560348238
bias
0.5550554435977747
node
0.5538911498500492
enable
0.14698596412208606
disable
0.1950281535889147
step
0.09022983136380133
perturb
0.4862190441607082
done
4
100
1000001
-6.630799125893712
376
1
33
1000001
-1.555411395553673
377
1
100
183
1.0
378
1
183
1000001
-6.630799125893712
379
1
0
0
1
0
182
connections
0.5538911498500492
link
1.1972134560348238
bias
0.5550554435977747
node
0.5538911498500492
enable
0.14698596412208606
disable
0.1950281535889147
step
0.09022983136380133
perturb
0.4862190441607082
done
2
163
1000000
-5.228647925932661
380
1
122
1000003
3.475228800999134
381
1
0
0
1
0
183
connections
0.5538911498500492
link
1.1972134560348238
bias
0.5550554435977747
node
0.5538911498500492
enable
0.14698596412208606
disable
0.1950281535889147
step
0.09022983136380133
perturb
0.4862190441607082
done
4
93
1000000
-2.2735961492281938
382
1
48
1000003
4.040795875985195
383
1
48
183
1.0
384
1
183
1000003
4.040795875985195
385
1
0
0
1
0
183
connections
0.5538911498500492
link
1.1972134560348238
bias
0.5550554435977747
node
0.5538911498500492
enable
0.14698596412208606
disable
0.1950281535889147
step
0.09022983136380133
perturb
0.4862190441607082
done
4
153
1000000
-4.889313332390236
386
1
15
1000002
-0.9134404621581567
387
1
15
183
1.0
388
1
183
1000002
-0.9134404621581567
389
1
0
0
1
0
182
connections
0.5538911498500492
link
1.1972134560348238
bias
0.5550554435977747
node
0.5538911498500492
enable
0.14698596412208606
disable
0.1950281535889147
step
0.09022983136380133
perturb
0.4862190441607082
done
2
175
1000001
5.260220700480861
390
1
116
1000002
-2.215780679489608
391
1
0
0
1
0
182
connections
0.5538911498500492
link
1.1972134560348238
bias
0.5550554435977747
node
0.5538911498500492
enable
0.14698596412208606
disable
0.1950281535889147
step
0.09022983136380133
perturb
0.4862190441607082
done
2
105
1000003
-0.7155580619895963
392
1
174
1000002
2.2471585926403215
393
1
0
0
1
0
183
connections
0.5538911498500492
link
1.1972134560348238
bias
0.5550554435977747
node
0.5538911498500492
enable
0.14698596412208606
disable
0.1950281535889147
step
0.09022983136380133
perturb
0.4862190441607082
done
4
175
1000002
-3.2022192326677144
394
0
155
1000002
-0.04449185233069808
395
1
175
183
1.0
396
1
183
1000002
-3.2022192326677144
397
1
0
0
1
0
182
connections
0.5538911498500492
link
1.1972134560348238
bias
0.5550554435977747
node
0.5538911498500492
enable
0.14698596412208606
disable
0.1950281535889147
step
0.09022983136380133
perturb
0.4862190441607082
done
2
9
1000000
-7.410562150888389
398
1
131
1000001
-2.390211243995163
399
1
0
0
1
0
183
connections
0.5538911498500492
link
1.1972134560348238
bias
0.5550554435977747
node
0.5538911498500492
enable
0.14698596412208606
disable
0.1950281535889147
step
0.09022983136380133
perturb
0.4862190441607082
done
4
47
1000000
-7.492469781476572
400
0
171
1000000
1.3216800142258616
401
1
47
183
1.0
402
0
183
1000000
-7.492469781476572
403
1
0
0
1
0
182
connections
0.5538911498500492
link
1.1972134560348238
bias
0.5550554435977747
node
0.5538911498500492
enable
0.14698596412208606
disable
0.1950281535889147
step
0.09022983136380133
perturb
0.4862190441607082
done
3
138
1000002
-0.46508373939361713
404
1
133
1000000
-0.8862987361368466
405
1
68
1000000
-1.9071357593088762
406
1
0
0
1
0
183
connections
0.5538911498500492
link
1.1972134560348238
bias
0.5550554435977747
node
0.5538911498500492
enable
0.14698596412208606
disable
0.1950281535889147
step
0.09022983136380133
perturb
0.4862190441607082
done
5
52
1000002
0.028556926034492225
407
1
177
1000000
1.1696945919008748
408
1
182
1000003
-3.5893595229286
409
0
182
183
1.0
410
1
183
1000003
-3.5893595229286
411
1
0
0
1
0
182
connections
0.5538911498500492
link
1.1972134560348238
bias
0.5550554435977747
node
0.5538911498500492
enable
0.14698596412208606
disable
0.1950281535889147
step
0.09022983136380133
perturb
0.4862190441607082
done
2
87
1000002
-0.27505087368714354
412
1
58
1000003
-6.697326010309275
413
1
0
0
1
0
183
connections
0.5538911498500492
link
1.1972134560348238
bias
0.5550554435977747
node
0.5538911498500492
enable
0.14698596412208606
disable
0.1950281535889147
step
0.09022983136380133
perturb
0.4862190441607082
done
4
98
1000000
3.868699715791804
414
1
92
1000001
0.03700805876733959
415
1
92
183
1.0
416
1
183
1000001
0.03700805876733959
417
1
0
0
1
0
182
connections
0.5538911498500492
link
1.1972134560348238
bias
0.5550554435977747
node
0.5538911498500492
enable
0.14698596412208606
disable
0.1950281535889147
step
0.09022983136380133
perturb
0.4862190441607082
done
2
104
1000001
-3.6775920639574124
418
1
126
1000001
-5.102759872624853
419
1
0
0
1
0
183
connections
0.5538911498500492
link
1.1972134560348238
bias
0.5550554435977747
node
0.5538911498500492
enable
0.14698596412208606
disable
0.1950281535889147
step
0.09022983136380133
perturb
0.4862190441607082
done
4
131
1000003
0.4331391538765006
420
1
113
1000002
0.777041617312026
421
0
113
183
1.0
422
1
183
1000002
0.777041617312026
423
1
0
0
1
0
183
connections
0.5538911498500492
link
1.1972134560348238
bias
0.5550554435977747
node
0.5538911498500492
enable
0.14698596412208606
disable
0.1950281535889147
step
0.09022983136380133
perturb
0.4862190441607082
done
5
97
1000002
-5.716005702814341
424
1
162
1000002
-1.5030463031534376
425
1
182
1000003
-5.727769723037122
426
0
182
183
1.0
427
1
183
1000003
-5.727769723037122
428
1
0
0
1
0
183
connections
0.5538911498500492
link
1.1972134560348238
bias
0.5550554435977747
node
0.5538911498500492
enable
0.14698596412208606
disable
0.1950281535889147
step
0.09022983136380133
perturb
0.4862190441607082
done
4
40
1000002
-3.3178559629364974
429
0
22
1000002
-7.687584137499905
430
1
40
183
1.0
431
1
183
1000002
-3.3178559629364974
432
1
0
0
1
0
182
connections
0.5538911498500492
link
1.1972134560348238
bias
0.5550554435977747
node
0.5538911498500492
enable
0.14698596412208606
disable
0.1950281535889147
step
0.09022983136380133
perturb
0.4862190441607082
done
2
40
1000002
-2.34404495539577
433
1
29
1000003
2.3492891189416447
434
1
0
0
1
0
183
connections
0.5538911498500492
link
1.1972134560348238
bias
0.5550554435977747
node
0.5538911498500492
enable
0.14698596412208606
disable
0.1950281535889147
step
0.09022983136380133
perturb
0.4862190441607082
done
4
31
1000003
1.3672985485030327
435
1
89
1000002
-3.199474900917211
436
0
89
183
1.0
437
1
183
1000002
-3.199474900917211
438
1
0
0
1
0
182
connections
0.5538911498500492
link
1.1972134560348238
bias
0.5550554435977747
node
0.5538911498500492
enable
0.14698596412208606
disable
0.1950281535889147
step
0.09022983136380133
perturb
0.4862190441607082
done
2
39
1000001
-4.115466138559178
439
1
164
1000003
-1.18445574200957
440
1
0
0
1
0
183
connections
0.5538911498500492
link
1.1972134560348238
bias
0.5550554435977747
node
0.5538911498500492
enable
0.14698596412208606
disable
0.1950281535889147
step
0.09022983136380133
perturb
0.4862190441607082
done
4
13
1000000
-2.4458028518034634
441
1
134
1000003
-3.9521792126394013
442
1
13
183
1.0
443
0
183
1000000
-2.4458028518034634
444
1
0
0
1
0
183
connections
0.5538911498500492
link
1.1972134560348238
bias
0.5550554435977747
node
0.5538911498500492
enable
0.14698596412208606
disable
0.1950281535889147
step
0.09022983136380133
perturb
0.4862190441607082
done
5
139
1000000
1.8748148503892281
445
1
136
1000002
0.5076333702769165
446
1
182
1000003
-1.91448634478229
447
0
182
183
1.0
448
0
183
1000003
-1.91448634478229
449
1
0
0
1
0
182
connections
0.5538911498500492
link
1.1972134560348238
bias
0.5550554435977747
node
0.5538911498500492
enable
0.14698596412208606
disable
0.1950281535889147
step
0.09022983136380133
perturb
0.4862190441607082
done
2
63
1000001
-1.5980739707923068
450
1
23
1000000
-3.083330728456096
451
1
0
0
1
0
183
connections
0.5538911498500492
link
1.1972134560348238
bias
0.5550554435977747
node
0.5538911498500492
enable
0.14698596412208606
disable
0.1950281535889147
step
0.09022983136380133
perturb
0.4862190441607082
done
4
138
1000000
-3.1431775809940854
452
1
47
1000003
-5.932635216657662
453
0
47
183
1.0
454
1
183
1000003
-5.932635216657662
455
1
0
0
1
0
182
connections
0.5538911498500492
link
1.1972134560348238
bias
0.5550554435977747
node
0.5538911498500492
enable
0.14698596412208606
disable
0.1950281535889147
step
0.09022983136380133
perturb
0.4862190441607082
done
2
138
1000001
-3.0243294803573804
456
1
30
1000001
1.0809948791620836
457
1
0
0
1
0
183
connections
0.5538911498500492
link
1.1972134560348238
bias
0.5550554435977747
node
0.5538911498500492
enable
0.14698596412208606
disable
0.1950281535889147
step
0.09022983136380133
perturb
0.4862190441607082
done
4
107
1000002
2.3325827565480903
458
0
72
1000002
-1.322165990794442
459
1
107
183
1.0
460
1
183
1000002
2.3325827565480903
461
1
0
0
1
0
183
connections
0.5538911498500492
link
1.1972134560348238
bias
0.5550554435977747
node
0.5538911498500492
enable
0.14698596412208606
disable
0.1950281535889147
step
0.09022983136380133
perturb
0.4862190441607082
done
4
120
1000000
-13.644290555240598
462
1
23
1000000
1.8154647369205419
463
0
23
183
1.0
464
1
183
1000000
1.8154647369205419
465
1
0
0
1
0
182
connections
0.5538911498500492
link
1.1972134560348238
bias
0.5550554435977747
node
0.5538911498500492
enable
0.14698596412208606
disable
0.1950281535889147
step
0.09022983136380133
perturb
0.4862190441607082
done
2
68
1000000
-2.4002461311936854
466
1
110
1000002
-4.365576737042919
467
1
0
0
1
0
182
connections
0.5538911498500492
link
1.1972134560348238
bias
0.5550554435977747
node
0.5538911498500492
enable
0.14698596412208606
disable
0.1950281535889147
step
0.09022983136380133
perturb
0.4862190441607082
done
2
65
1000001
5.8868177017608385
468
1
118
1000000
-15.130227627252337
469
1
0
0
1
0
183
connections
0.5538911498500492
link
1.1972134560348238
bias
0.5550554435977747
node
0.5538911498500492
enable
0.14698596412208606
disable
0.1950281535889147
step
0.09022983136380133
perturb
0.4862190441607082
done
5
144
1000001
-0.7970107239417044
470
1
6
1000000
0.5429207954951525
471
1
182
1000003
-2.778909745952711
472
1
182
183
1.0
473
1
183
1000003
-2.778909745952711
474
1
0
0
1
0
182
connections
0.5538911498500492
link
1.1972134560348238
bias
0.5550554435977747
node
0.5538911498500492
enable
0.14698596412208606
disable
0.1950281535889147
step
0.09022983136380133
perturb
0.4862190441607082
done
2
107
1000000
5.304574799568903
475
1
110
1000003
-3.899923939369919
476
1
0
0
1
0
183
connections
0.5538911498500492
link
1.1972134560348238
bias
0.5550554435977747
node
0.5538911498500492
enable
0.14698596412208606
disable
0.1950281535889147
step
0.09022983136380133
perturb
0.4862190441607082
done
4
133
1000000
-2.7192869148527055
477
1
10
1000001
-3.5391441261834737
478
1
133
183
1.0
479
1
183
1000000
-2.7192869148527055
480
1
0
0
1
0
182
connections
0.5538911498500492
link
1.1972134560348238
bias
0.5550554435977747
node
0.5538911498500492
enable
0.14698596412208606
disable
0.1950281535889147
step
0.09022983136380133
perturb
0.4862190441607082
done
2
4
1000002
-2.507719429339705
481
1
15
1000000
-0.23398298584838018
482
1
0
0
1
0
183
connections
0.5538911498500492
link
1.1972134560348238
bias
0.5550554435977747
node
0.5538911498500492
enable
0.14698596412208606
disable
0.1950281535889147
step
0.09022983136380133
perturb
0.4862190441607082
done
3
165
1000002
1.3187801938034887
483
0
165
183
1.0
484
0
183
1000002
1.3187801938034887
485
1
0
0
1
0
183
connections
0.5538911498500492
link
1.1972134560348238
bias
0.5550554435977747
node
0.5538911498500492
enable
0.14698596412208606
disable
0.1950281535889147
step
0.09022983136380133
perturb
0.4862190441607082
done
4
70
1000001
1.697402043934761
486
1
62
1000003
4.132016782186165
487
1
70
183
1.0
488
1
183
1000001
1.697402043934761
489
1
0
0
1
0
182
connections
0.5538911498500492
link
1.1972134560348238
bias
0.5550554435977747
node
0.5538911498500492
enable
0.14698596412208606
disable
0.1950281535889147
step
0.09022983136380133
perturb
0.4862190441607082
done
3
131
1000003
-3.544416201382398
490
1
22
1000001
-2.5526018087270876
491
0
182
1000000
-4.563937737167501
492
1
0
0
1
0
183
connections
0.5538911498500492
link
1.1972134560348238
bias
0.5550554435977747
node
0.5538911498500492
enable
0.14698596412208606
disable
0.1950281535889147
step
0.09022983136380133
perturb
0.4862190441607082
done
4
8
1000001
-1.0909184802286274
493
1
150
1000003
-1.3793787745415969
494
0
150
183
1.0
495
1
183
1000003
-1.3793787745415969
496
1
0
0
1
0
183
connections
0.5538911498500492
link
1.1972134560348238
bias
0.5550554435977747
node
0.5538911498500492
enable
0.14698596412208606
disable
0.1950281535889147
step
0.09022983136380133
perturb
0.4862190441607082
done
4
57
1000003
-4.449774738709337
497
1
127
1000001
-0.3280144478768865
498
0
127
183
1.0
499
1
183
1000001
-0.3280144478768865
500
1
0
0
1
0
182
connections
0.5538911498500492
link
1.1972134560348238
bias
0.5550554435977747
node
0.5538911498500492
enable
0.14698596412208606
disable
0.1950281535889147
step
0.09022983136380133
perturb
0.4862190441607082
done
2
111
1000001
-8.858752223010804
501
1
176
1000003
-2.9416419402056553
502
1
0
0
1
0
182
connections
0.5538911498500492
link
1.1972134560348238
bias
0.5550554435977747
node
0.5538911498500492
enable
0.14698596412208606
disable
0.1950281535889147
step
0.09022983136380133
perturb
0.4862190441607082
done
2
162
1000002
8.842777409499051
503
1
71
1000002
-1.323558441628859
504
1
0
0
1
0
183
connections
0.5538911498500492
link
1.1972134560348238
bias
0.5550554435977747
node
0.5538911498500492
enable
0.14698596412208606
disable
0.1950281535889147
step
0.09022983136380133
perturb
0.4862190441607082
done
4
104
1000003
-2.0200662966368212
505
0
44
1000003
5.102866175241701
506
0
44
183
1.0
507
1
183
1000003
5.102866175241701
508
1
0
0
1
0
182
connections
0.5538911498500492
link
1.1972134560348238
bias
0.5550554435977747
node
0.5538911498500492
enable
0.14698596412208606
disable
0.1950281535889147
step
0.09022983136380133
perturb
0.4862190441607082
done
2
5
1000003
-1.0213688750010586
509
1
41
1000002
-4.595703224592629
510
1
0
0
1
0
182
connections
0.5538911498500492
link
1.1972134560348238
bias
0.5550554435977747
node
0.5538911498500492
enable
0.14698596412208606
disable
0.1950281535889147
step
0.09022983136380133
perturb
0.4862190441607082
done
2
160
1000001
-4.82204790902186
511
1
21
1000001
3.7344049046812033
512
1
0
0
1
0
182
connections
0.5538911498500492
link
1.1972134560348238
bias
0.5550554435977747
node
0.5538911498500492
enable
0.14698596412208606
disable
0.1950281535889147
step
0.09022983136380133
perturb
0.4862190441607082
done
2
125
1000001
-6.221619523889861
513
1
74
1000001
0.21944224710369165
514
1
0
0
1
0
182
connections
0.5538911498500492
link
1.1972134560348238
bias
0.5550554435977747
node
0.5538911498500492
enable
0.14698596412208606
disable
0.1950281535889147
step
0.09022983136380133
perturb
0.4862190441607082
done
1
99
1000002
4.383640079918307
515
1
0
0
1
0
183
connections
0.5538911498500492
link
1.1972134560348238
bias
0.5550554435977747
node
0.5538911498500492
enable
0.14698596412208606
disable
0.1950281535889147
step
0.09022983136380133
perturb
0.4862190441607082
done
5
93
1000000
-0.1965392446509504
516
0
1000002
1000001
-1.3868497343087736
517
1
182
1000000
1.3826606697768282
518
1
93
183
1.0
519
1
183
1000000
-0.1965392446509504
520
1
0
0
1
0
182
connections
0.5538911498500492
link
1.1972134560348238
bias
0.5550554435977747
node
0.5538911498500492
enable
0.14698596412208606
disable
0.1950281535889147
step
0.09022983136380133
perturb
0.4862190441607082
done
1
69
1000001
-3.204391868610398
521
1
0
0
1
0
183
connections
0.5538911498500492
link
1.1972134560348238
bias
0.5550554435977747
node
0.5538911498500492
enable
0.14698596412208606
disable
0.1950281535889147
step
0.09022983136380133
perturb
0.4862190441607082
done
3
135
1000002
-8.311123295253484
522
0
135
183
1.0
523
1
183
1000002
-8.311123295253484
524
1
0
0
1
0
183
connections
0.5538911498500492
link
1.1972134560348238
bias
0.5550554435977747
node
0.5538911498500492
enable
0.14698596412208606
disable
0.1950281535889147
step
0.09022983136380133
perturb
0.4862190441607082
done
4
154
1000003
-5.962679830022854
525
1
143
1000003
1.968998324557698
526
1
154
183
1.0
527
1
183
1000003
-5.962679830022854
528
1
0
0
1
0
183
connections
0.5538911498500492
link
1.1972134560348238
bias
0.5550554435977747
node
0.5538911498500492
enable
0.14698596412208606
disable
0.1950281535889147
step
0.09022983136380133
perturb
0.4862190441607082
done
4
69
1000001
-1.5177268244885156
529
0
1000002
1000002
-6.7454023011604605
530
1
69
183
1.0
531
1
183
1000001
-1.5177268244885156
532
1
0
0
1
0
183
connections
0.5538911498500492
link
1.1972134560348238
bias
0.5550554435977747
node
0.5538911498500492
enable
0.14698596412208606
disable
0.1950281535889147
step
0.09022983136380133
perturb
0.4862190441607082
done
3
27
1000000
3.0756851609225446
533
0
27
183
1.0
534
1
183
1000000
3.0756851609225446
535
0
0
0
1
0
183
connections
0.5538911498500492
link
1.1972134560348238
bias
0.5550554435977747
node
0.5538911498500492
enable
0.14698596412208606
disable
0.1950281535889147
step
0.09022983136380133
perturb
0.4862190441607082
done
4
7
1000002
-3.7774241722824895
536
0
78
1000002
-4.6665909062614865
537
1
7
183
1.0
538
0
183
1000002
-3.7774241722824895
539
1
0
0
1
0
183
connections
0.5538911498500492
link
1.1972134560348238
bias
0.5550554435977747
node
0.5538911498500492
enable
0.14698596412208606
disable
0.1950281535889147
step
0.09022983136380133
perturb
0.4862190441607082
done
5
133
1000001
3.979840755721196
540
1
6
1000003
-8.17442074646695
541
1
182
1000002
0.9050738232476068
542
1
6
183
1.0
543
1
183
1000003
-8.17442074646695
544
0
0
0
1
0
182
connections
0.5538911498500492
link
1.1972134560348238
bias
0.5550554435977747
node
0.5538911498500492
enable
0.14698596412208606
disable
0.1950281535889147
step
0.09022983136380133
perturb
0.4862190441607082
done
2
28
1000001
-11.871664040716167
545
1
182
1000001
-7.881323901078877
546
1
0
0
1
0
183
connections
0.5538911498500492
link
1.1972134560348238
bias
0.5550554435977747
node
0.5538911498500492
enable
0.14698596412208606
disable
0.1950281535889147
step
0.09022983136380133
perturb
0.4862190441607082
done
3
165
1000000
-3.0235943325626966
547
0
165
183
1.0
548
1
183
1000000
-3.0235943325626966
549
1
0
0
1
0
183
connections
0.5538911498500492
link
1.1972134560348238
bias
0.5550554435977747
node
0.5538911498500492
enable
0.14698596412208606
disable
0.1950281535889147
step
0.09022983136380133
perturb
0.4862190441607082
done
3
61
1000003
3.143811028810952
550
1
61
183
1.0
551
1
183
1000003
3.143811028810952
552
1
0
0
1
0
183
connections
0.5538911498500492
link
1.1972134560348238
bias
0.5550554435977747
node
0.5538911498500492
enable
0.14698596412208606
disable
0.1950281535889147
step
0.09022983136380133
perturb
0.4862190441607082
done
3
27
1000000
5.504799196166689
553
0
27
183
1.0
554
1
183
1000000
5.504799196166689
555
1
0
0
1
0
183
connections
0.5538911498500492
link
1.1972134560348238
bias
0.5550554435977747
node
0.5538911498500492
enable
0.14698596412208606
disable
0.1950281535889147
step
0.09022983136380133
perturb
0.4862190441607082
done
3
102
1000002
-5.734823077148821
556
0
102
183
1.0
557
1
183
1000002
-5.734823077148821
558
1
0
0
1
0
182
connections
0.5538911498500492
link
1.1972134560348238
bias
0.5550554435977747
node
0.5538911498500492
enable
0.14698596412208606
disable
0.1950281535889147
step
0.09022983136380133
perturb
0.4862190441607082
done
1
10
1000000
-2.576977622633155
559
0
0
0
1
0
183
connections
0.5538911498500492
link
1.1972134560348238
bias
0.5550554435977747
node
0.5538911498500492
enable
0.14698596412208606
disable
0.1950281535889147
step
0.09022983136380133
perturb
0.4862190441607082
done
3
134
1000001
0.15571984140459305
560
1
134
183
1.0
561
0
183
1000001
0.15571984140459305
562
1
0
0
1
0
182
connections
0.5538911498500492
link
1.1972134560348238
bias
0.5550554435977747
node
0.5538911498500492
enable
0.14698596412208606
disable
0.1950281535889147
step
0.09022983136380133
perturb
0.4862190441607082
done
1
11
1000001
0.019611520276601624
563
1
0
0
1
0
183
connections
0.5538911498500492
link
1.1972134560348238
bias
0.5550554435977747
node
0.5538911498500492
enable
0.14698596412208606
disable
0.1950281535889147
step
0.09022983136380133
perturb
0.4862190441607082
done
4
99
1000002
2.017548792248463
564
1
110
1000000
1.8606635832056724
565
1
110
183
1.0
566
1
183
1000000
1.8606635832056724
567
1
0
0
1
0
182
connections
0.5538911498500492
link
1.1972134560348238
bias
0.5550554435977747
node
0.5538911498500492
enable
0.14698596412208606
disable
0.1950281535889147
step
0.09022983136380133
perturb
0.4862190441607082
done
1
84
1000003
0.5024750182508062
568
1
0
0
1
0
182
connections
0.5538911498500492
link
1.1972134560348238
bias
0.5550554435977747
node
0.5538911498500492
enable
0.14698596412208606
disable
0.1950281535889147
step
0.09022983136380133
perturb
0.4862190441607082
done
2
101
1000000
-3.343008601531193
569
1
43
1000001
-5.110393569308085
570
0
0
0
1
0
182
connections
0.5538911498500492
link
1.1972134560348238
bias
0.5550554435977747
node
0.5538911498500492
enable
0.14698596412208606
disable
0.1950281535889147
step
0.09022983136380133
perturb
0.4862190441607082
done
1
171
1000001
-1.7003787161334842
571
1
0
0
1
0
182
connections
0.5538911498500492
link
1.1972134560348238
bias
0.5550554435977747
node
0.5538911498500492
enable
0.14698596412208606
disable
0.1950281535889147
step
0.09022983136380133
perturb
0.4862190441607082
done
2
100
1000002
-5.8699939088539494
572
1
56
1000002
5.2186821622116835
573
1
0
0
1
0
183
connections
0.5538911498500492
link
1.1972134560348238
bias
0.5550554435977747
node
0.5538911498500492
enable
0.14698596412208606
disable
0.1950281535889147
step
0.09022983136380133
perturb
0.4862190441607082
done
3
69
1000002
-3.949026982010799
574
1
69
183
1.0
575
1
183
1000002
-3.949026982010799
576
1
0
0
1
0
183
connections
0.5538911498500492
link
1.1972134560348238
bias
0.5550554435977747
node
0.5538911498500492
enable
0.14698596412208606
disable
0.1950281535889147
step
0.09022983136380133
perturb
0.4862190441607082
done
4
142
1000001
-1.530468457805311
577
1
23
1000000
-2.469190815211337
578
0
23
183
1.0
579
1
183
1000000
-2.469190815211337
580
1
0
0
1
0
183
connections
0.5538911498500492
link
1.1972134560348238
bias
0.5550554435977747
node
0.5538911498500492
enable
0.14698596412208606
disable
0.1950281535889147
step
0.09022983136380133
perturb
0.4862190441607082
done
4
157
1000002
-4.817070107542814
581
1
182
1000000
-1.5790499999755052
582
0
182
183
1.0
583
1
183
1000000
-1.5790499999755052
584
1
0
0
1
0
182
connections
0.5538911498500492
link
1.1972134560348238
bias
0.5550554435977747
node
0.5538911498500492
enable
0.14698596412208606
disable
0.1950281535889147
step
0.09022983136380133
perturb
0.4862190441607082
done
1
92
1000001
-3.964176677833196
585
1
0
0
1
0
183
connections
0.5538911498500492
link
1.1972134560348238
bias
0.5550554435977747
node
0.5538911498500492
enable
0.14698596412208606
disable
0.1950281535889147
step
0.09022983136380133
perturb
0.4862190441607082
done
3
57
1000001
3.8317208562270313
586
0
57
183
1.0
587
0
183
1000001
3.8317208562270313
588
1
0
0
1
0
182
connections
0.5538911498500492
link
1.1972134560348238
bias
0.5550554435977747
node
0.5538911498500492
enable
0.14698596412208606
disable
0.1950281535889147
step
0.09022983136380133
perturb
0.4862190441607082
done
2
61
1000002
-2.439763606266921
589
1
52
1000003
-5.397236554038486
590
1
0
0
1
0
183
connections
0.5538911498500492
link
1.1972134560348238
bias
0.5550554435977747
node
0.5538911498500492
enable
0.14698596412208606
disable
0.1950281535889147
step
0.09022983136380133
perturb
0.4862190441607082
done
4
50
1000000
-6.4140284452947265
591
1
182
1000002
1.709488702487298
592
0
182
183
1.0
593
1
183
1000002
1.709488702487298
594
1
0
0
1
0
182
connections
0.5538911498500492
link
1.1972134560348238
bias
0.5550554435977747
node
0.5538911498500492
enable
0.14698596412208606
disable
0.1950281535889147
step
0.09022983136380133
perturb
0.4862190441607082
done
2
92
1000001
0.11117119365152206
595
1
66
1000000
-2.6562351952868077
596
0
0
0
1
0
182
connections
0.5538911498500492
link
1.1972134560348238
bias
0.5550554435977747
node
0.5538911498500492
enable
0.14698596412208606
disable
0.1950281535889147
step
0.09022983136380133
perturb
0.4862190441607082
done
1
150
1000003
-1.1685749414211621
597
1
0
0
1
0
182
connections
0.5538911498500492
link
1.1972134560348238
bias
0.5550554435977747
node
0.5538911498500492
enable
0.14698596412208606
disable
0.1950281535889147
step
0.09022983136380133
perturb
0.4862190441607082
done
1
47
1000000
0.7763578926824799
598
1
0
0
1
0
182
connections
0.5538911498500492
link
1.1972134560348238
bias
0.5550554435977747
node
0.5538911498500492
enable
0.14698596412208606
disable
0.1950281535889147
step
0.09022983136380133
perturb
0.4862190441607082
done
3
153
1000002
-0.7797044522096035
599
1
18
1000002
-4.076256348031508
600
1
182
1000002
-7.931949183642415
601
1
0
0
1
0
183
connections
0.5538911498500492
link
1.1972134560348238
bias
0.5550554435977747
node
0.5538911498500492
enable
0.14698596412208606
disable
0.1950281535889147
step
0.09022983136380133
perturb
0.4862190441607082
done
4
72
1000003
-2.0295504526111685
602
0
10
1000003
6.819889798899297
603
0
10
183
1.0
604
1
183
1000003
6.819889798899297
605
1
0
0
1
0
183
connections
0.5538911498500492
link
1.1972134560348238
bias
0.5550554435977747
node
0.5538911498500492
enable
0.14698596412208606
disable
0.1950281535889147
step
0.09022983136380133
perturb
0.4862190441607082
done
3
33
1000003
-0.0511965599127171
606
0
33
183
1.0
607
1
183
1000003
-0.0511965599127171
608
1
0
0
1
0
182
connections
0.5538911498500492
link
1.1972134560348238
bias
0.5550554435977747
node
0.5538911498500492
enable
0.14698596412208606
disable
0.1950281535889147
step
0.09022983136380133
perturb
0.4862190441607082
done
2
86
1000001
-6.681662303793882
609
0
135
1000001
-5.1031987068339415
610
1
0
0
1
0
182
connections
0.5538911498500492
link
1.1972134560348238
bias
0.5550554435977747
node
0.5538911498500492
enable
0.14698596412208606
disable
0.1950281535889147
step
0.09022983136380133
perturb
0.4862190441607082
done
1
80
1000003
-4.511145379462361
611
0
0
0
1
0
183
connections
0.5538911498500492
link
1.1972134560348238
bias
0.5550554435977747
node
0.5538911498500492
enable
0.14698596412208606
disable
0.1950281535889147
step
0.09022983136380133
perturb
0.4862190441607082
done
4
139
1000001
-1.713737070007231
612
1
1000002
1000002
-8.214121298686148
613
0
1000002
183
1.0
614
1
183
1000002
-8.214121298686148
615
1
0
0
1
0
182
connections
0.5538911498500492
link
1.1972134560348238
bias
0.5550554435977747
node
0.5538911498500492
enable
0.14698596412208606
disable
0.1950281535889147
step
0.09022983136380133
perturb
0.4862190441607082
done
2
90
1000003
-4.729430983191888
616
1
158
1000002
0.7758840563227887
617
1
0
0
1
0
183
connections
0.5538911498500492
link
1.1972134560348238
bias
0.5550554435977747
node
0.5538911498500492
enable
0.14698596412208606
disable
0.1950281535889147
step
0.09022983136380133
perturb
0.4862190441607082
done
4
178
1000001
-4.865949020871797
618
0
182
1000002
-2.91367056295615
619
1
178
183
1.0
620
0
183
1000001
-4.865949020871797
621
1
0
0
1
0
182
connections
0.5538911498500492
link
1.1972134560348238
bias
0.5550554435977747
node
0.5538911498500492
enable
0.14698596412208606
disable
0.1950281535889147
step
0.09022983136380133
perturb
0.4862190441607082
done
1
106
1000001
-2.966473315511268
622
1
0
0
1
0
183
connections
0.5538911498500492
link
1.1972134560348238
bias
0.5550554435977747
node
0.5538911498500492
enable
0.14698596412208606
disable
0.1950281535889147
step
0.09022983136380133
perturb
0.4862190441607082
done
5
83
1000000
-1.4817006212600896
623
0
115
1000001
-5.115187257663229
624
1
182
1000000
0.3645331338254345
625
1
83
183
1.0
626
1
183
1000000
-1.4817006212600896
627
1
0
0
1
0
183
connections
0.5538911498500492
link
1.1972134560348238
bias
0.5550554435977747
node
0.5538911498500492
enable
0.14698596412208606
disable
0.1950281535889147
step
0.09022983136380133
perturb
0.4862190441607082
done
4
117
1000002
0.34529377969797403
628
0
179
1000000
-3.832940756812921
629
1
117
183
1.0
630
1
183
1000002
0.34529377969797403
631
1
0
0
1
0
183
connections
0.5538911498500492
link
1.1972134560348238
bias
0.5550554435977747
node
0.5538911498500492
enable
0.14698596412208606
disable
0.1950281535889147
step
0.09022983136380133
perturb
0.4862190441607082
done
3
177
1000002
-2.2494767124280015
632
0
177
183
1.0
633
1
183
1000002
-2.2494767124280015
634
1
0
0
1
0
183
connections
0.5538911498500492
link
1.1972134560348238
bias
0.5550554435977747
node
0.5538911498500492
enable
0.14698596412208606
disable
0.1950281535889147
step
0.09022983136380133
perturb
0.4862190441607082
done
3
121
1000002
-3.6010902091864927
635
0
121
183
1.0
636
1
183
1000002
-3.6010902091864927
637
1
0
0
1
0
183
connections
0.5538911498500492
link
1.1972134560348238
bias
0.5550554435977747
node
0.5538911498500492
enable
0.14698596412208606
disable
0.1950281535889147
step
0.09022983136380133
perturb
0.4862190441607082
done
4
141
1000001
0.26812329818947944
638
0
165
1000000
-1.1173650526534993
639
1
141
183
1.0
640
1
183
1000001
0.26812329818947944
641
1
0
0
1
0
182
connections
0.5538911498500492
link
1.1972134560348238
bias
0.5550554435977747
node
0.5538911498500492
enable
0.14698596412208606
disable
0.1950281535889147
step
0.09022983136380133
perturb
0.4862190441607082
done
1
25
1000000
-0.6049046650414973
642
1
0
0
1
0
182
connections
0.5538911498500492
link
1.1972134560348238
bias
0.5550554435977747
node
0.5538911498500492
enable
0.14698596412208606
disable
0.1950281535889147
step
0.09022983136380133
perturb
0.4862190441607082
done
1
172
1000000
1.1952752007925178
643
1
0
0
1
0
183
connections
0.5538911498500492
link
1.1972134560348238
bias
0.5550554435977747
node
0.5538911498500492
enable
0.14698596412208606
disable
0.1950281535889147
step
0.09022983136380133
perturb
0.4862190441607082
done
4
155
1000003
-2.8957455500578675
644
0
182
1000003
0.3677275544070082
645
0
182
183
1.0
646
1
183
1000003
0.3677275544070082
647
1
0
0
1
0
182
connections
0.5538911498500492
link
1.1972134560348238
bias
0.5550554435977747
node
0.5538911498500492
enable
0.14698596412208606
disable
0.1950281535889147
step
0.09022983136380133
perturb
0.4862190441607082
done
1
119
1000002
-2.874968698280625
648
1
0
0
1
0
183
connections
0.5538911498500492
link
1.1972134560348238
bias
0.5550554435977747
node
0.5538911498500492
enable
0.14698596412208606
disable
0.1950281535889147
step
0.09022983136380133
perturb
0.4862190441607082
done
3
174
1000000
3.960331987839977
649
0
174
183
1.0
650
1
183
1000000
3.960331987839977
651
1
0
0
1
0
182
connections
0.5538911498500492
link
1.1972134560348238
bias
0.5550554435977747
node
0.5538911498500492
enable
0.14698596412208606
disable
0.1950281535889147
step
0.09022983136380133
perturb
0.4862190441607082
done
2
123
1000000
-2.3409232559068416
652
1
182
1000002
2.6614120519633424
653
1
0
0
1
0
182
connections
0.5538911498500492
link
1.1972134560348238
bias
0.5550554435977747
node
0.5538911498500492
enable
0.14698596412208606
disable
0.1950281535889147
step
0.09022983136380133
perturb
0.4862190441607082
done
1
81
1000000
-1.2809395467184252
654
1
0
0
1
0
182
connections
0.5538911498500492
link
1.1972134560348238
bias
0.5550554435977747
node
0.5538911498500492
enable
0.14698596412208606
disable
0.1950281535889147
step
0.09022983136380133
perturb
0.4862190441607082
done
1
146
1000000
-4.1863825757525515
655
0
0
0
1
0
183
connections
0.5538911498500492
link
1.1972134560348238
bias
0.5550554435977747
node
0.5538911498500492
enable
0.14698596412208606
disable
0.1950281535889147
step
0.09022983136380133
perturb
0.4862190441607082
done
3
156
1000001
6.672992048041241
656
0
156
183
1.0
657
0
183
1000001
6.672992048041241
658
1
0
0
1
0
183
connections
0.5538911498500492
link
1.1972134560348238
bias
0.5550554435977747
node
0.5538911498500492
enable
0.14698596412208606
disable
0.1950281535889147
step
0.09022983136380133
perturb
0.4862190441607082
done
3
168
1000003
-1.0451683217206278
659
0
168
183
1.0
660
1
183
1000003
-1.0451683217206278
661
1
0
0
1
0
183
connections
0.5538911498500492
link
1.1972134560348238
bias
0.5550554435977747
node
0.5538911498500492
enable
0.14698596412208606
disable
0.1950281535889147
step
0.09022983136380133
perturb
0.4862190441607082
done
3
147
1000002
-9.775935144392662
662
0
147
183
1.0
663
1
183
1000002
-9.775935144392662
664
1
0
0
1
0
182
connections
0.5538911498500492
link
1.1972134560348238
bias
0.5550554435977747
node
0.5538911498500492
enable
0.14698596412208606
disable
0.1950281535889147
step
0.09022983136380133
perturb
0.4862190441607082
done
2
35
1000000
4.3652164104695315
665
1
182
1000001
-2.848523470069868
666
1
0
0
1
0
182
connections
0.5538911498500492
link
1.1972134560348238
bias
0.5550554435977747
node
0.5538911498500492
enable
0.14698596412208606
disable
0.1950281535889147
step
0.09022983136380133
perturb
0.4862190441607082
done
2
114
1000000
2.5140347708022404
667
1
182
1000003
-1.9804910036071068
668
0
0
0
1
0
183
connections
0.5538911498500492
link
1.1972134560348238
bias
0.5550554435977747
node
0.5538911498500492
enable
0.14698596412208606
disable
0.1950281535889147
step
0.09022983136380133
perturb
0.4862190441607082
done
3
78
1000001
-5.8663657428121105
669
0
78
183
1.0
670
1
183
1000001
-5.8663657428121105
671
1
0
0
1
0
183
connections
0.5538911498500492
link
1.1972134560348238
bias
0.5550554435977747
node
0.5538911498500492
enable
0.14698596412208606
disable
0.1950281535889147
step
0.09022983136380133
perturb
0.4862190441607082
done
4
54
1000002
0.592631585618927
672
1
182
1000001
-1.8297930437811765
673
0
182
183
1.0
674
1
183
1000001
-1.8297930437811765
675
1
0
0
1
0
183
connections
0.5538911498500492
link
1.1972134560348238
bias
0.5550554435977747
node
0.5538911498500492
enable
0.14698596412208606
disable
0.1950281535889147
step
0.09022983136380133
perturb
0.4862190441607082
done
3
120
1000003
0.36987716283398475
676
1
120
183
1.0
677
1
183
1000003
0.36987716283398475
678
1
0
0
1
0
182
connections
0.5538911498500492
link
1.1972134560348238
bias
0.5550554435977747
node
0.5538911498500492
enable
0.14698596412208606
disable
0.1950281535889147
step
0.09022983136380133
perturb
0.4862190441607082
done
1
91
1000002
2.5856712785839653
679
0
0
0
1
0
182
connections
0.5538911498500492
link
1.1972134560348238
bias
0.5550554435977747
node
0.5538911498500492
enable
0.14698596412208606
disable
0.1950281535889147
step
0.09022983136380133
perturb
0.4862190441607082
done
1
178
1000000
-8.115319520642405
680
1
0
0
1
0
182
connections
0.5538911498500492
link
1.1972134560348238
bias
0.5550554435977747
node
0.5538911498500492
enable
0.14698596412208606
disable
0.1950281535889147
step
0.09022983136380133
perturb
0.4862190441607082
done
2
88
1000000
-8.682624222771734
681
1
182
1000002
-5.537883033657781
682
1
0
0
1
0
183
connections
0.5538911498500492
link
1.1972134560348238
bias
0.5550554435977747
node
0.5538911498500492
enable
0.14698596412208606
disable
0.1950281535889147
step
0.09022983136380133
perturb
0.4862190441607082
done
4
54
1000001
0.4903582870872456
683
1
182
1000002
5.214873571865119
684
0
182
183
1.0
685
1
183
1000002
5.214873571865119
686
1
0
0
1
0
182
connections
0.5538911498500492
link
1.1972134560348238
bias
0.5550554435977747
node
0.5538911498500492
enable
0.14698596412208606
disable
0.1950281535889147
step
0.09022983136380133
perturb
0.4862190441607082
done
1
10
1000002
1.5088651142000518
687
1
0
0
1
0
182
connections
0.5538911498500492
link
1.1972134560348238
bias
0.5550554435977747
node
0.5538911498500492
enable
0.14698596412208606
disable
0.1950281535889147
step
0.09022983136380133
perturb
0.4862190441607082
done
1
48
1000003
-1.4984946775792016
688
1
0
0
1
0
182
connections
0.5538911498500492
link
1.1972134560348238
bias
0.5550554435977747
node
0.5538911498500492
enable
0.14698596412208606
disable
0.1950281535889147
step
0.09022983136380133
perturb
0.4862190441607082
done
1
32
1000000
2.0429335444196104
689
1
0
0
1
0
183
connections
0.5538911498500492
link
1.1972134560348238
bias
0.5550554435977747
node
0.5538911498500492
enable
0.14698596412208606
disable
0.1950281535889147
step
0.09022983136380133
perturb
0.4862190441607082
done
4
65
1000001
3.028066429030302
690
1
116
1000000
-3.3835675042788815
691
1
116
183
1.0
692
1
183
1000000
-3.3835675042788815
693
1
0
0
1
0
182
connections
0.5538911498500492
link
1.1972134560348238
bias
0.5550554435977747
node
0.5538911498500492
enable
0.14698596412208606
disable
0.1950281535889147
step
0.09022983136380133
perturb
0.4862190441607082
done
3
106
1000000
-8.182570954627497
694
1
88
1000003
-9.405870262099908
695
1
182
1000002
1.4216388196855516
696
1
0
0
1
0
183
connections
0.5538911498500492
link
1.1972134560348238
bias
0.5550554435977747
node
0.5538911498500492
enable
0.14698596412208606
disable
0.1950281535889147
step
0.09022983136380133
perturb
0.4862190441607082
done
4
108
1000003
-1.661854706421174
697
0
83
1000002
0.16572731691122788
698
1
108
183
1.0
699
1
183
1000003
-1.661854706421174
700
1
0
0
1
0
183
connections
0.5538911498500492
link
1.1972134560348238
bias
0.5550554435977747
node
0.5538911498500492
enable
0.14698596412208606
disable
0.1950281535889147
step
0.09022983136380133
perturb
0.4862190441607082
done
4
10
1000002
-2.725032344166532
701
1
33
1000002
-3.4514709168568336
702
1
10
183
1.0
703
1
183
1000002
-2.725032344166532
704
1
0
0
1
0
182
connections
0.5538911498500492
link
1.1972134560348238
bias
0.5550554435977747
node
0.5538911498500492
enable
0.14698596412208606
disable
0.1950281535889147
step
0.09022983136380133
perturb
0.4862190441607082
done
3
34
1000001
-1.3954816498547777
705
1
70
1000003
0.24653542413270957
706
1
182
1000002
1.5493525342909482
707
1
0
0
1
0
182
connections
0.5538911498500492
link
1.1972134560348238
bias
0.5550554435977747
node
0.5538911498500492
enable
0.14698596412208606
disable
0.1950281535889147
step
0.09022983136380133
perturb
0.4862190441607082
done
2
82
1000002
4.2873711501323415
708
1
91
1000000
-4.4460877110398425
709
1
0
0
1
0
183
connections
0.5538911498500492
link
1.1972134560348238
bias
0.5550554435977747
node
0.5538911498500492
enable
0.14698596412208606
disable
0.1950281535889147
step
0.09022983136380133
perturb
0.4862190441607082
done
3
63
1000002
0.5186148847761367
710
1
63
183
1.0
711
1
183
1000002
0.5186148847761367
712
1
0
0
1
0
182
connections
0.5538911498500492
link
1.1972134560348238
bias
0.5550554435977747
node
0.5538911498500492
enable
0.14698596412208606
disable
0.1950281535889147
step
0.09022983136380133
perturb
0.4862190441607082
done
3
174
1000002
-3.053176389066928
713
1
131
1000003
-2.144451216229594
714
1
182
1000001
-8.405357373839905
715
1
0
0
1
0
182
connections
0.5538911498500492
link
1.1972134560348238
bias
0.5550554435977747
node
0.5538911498500492
enable
0.14698596412208606
disable
0.1950281535889147
step
0.09022983136380133
perturb
0.4862190441607082
done
1
105
1000002
1.9921741290126125
716
1
0
0
1
0
182
connections
0.5538911498500492
link
1.1972134560348238
bias
0.5550554435977747
node
0.5538911498500492
enable
0.14698596412208606
disable
0.1950281535889147
step
0.09022983136380133
perturb
0.4862190441607082
done
2
161
1000002
-3.0055776250343014
717
1
182
1000002
8.061800468517246
718
0
0
0
1
0
183
connections
0.5538911498500492
link
1.1972134560348238
bias
0.5550554435977747
node
0.5538911498500492
enable
0.14698596412208606
disable
0.1950281535889147
step
0.09022983136380133
perturb
0.4862190441607082
done
4
141
1000000
2.1324896200982764
719
1
182
1000003
5.514176711033771
720
0
182
183
1.0
721
1
183
1000003
5.514176711033771
722
1
0
0
1
0
183
connections
0.5538911498500492
link
1.1972134560348238
bias
0.5550554435977747
node
0.5538911498500492
enable
0.14698596412208606
disable
0.1950281535889147
step
0.09022983136380133
perturb
0.4862190441607082
done
3
88
1000002
-5.540245727638651
723
0
88
183
1.0
724
1
183
1000002
-5.540245727638651
725
1
0
0
1
0
182
connections
0.5538911498500492
link
1.1972134560348238
bias
0.5550554435977747
node
0.5538911498500492
enable
0.14698596412208606
disable
0.1950281535889147
step
0.09022983136380133
perturb
0.4862190441607082
done
1
106
1000003
-2.6881815412460903
726
1
0
0
1
0
182
connections
0.5538911498500492
link
1.1972134560348238
bias
0.5550554435977747
node
0.5538911498500492
enable
0.14698596412208606
disable
0.1950281535889147
step
0.09022983136380133
perturb
0.4862190441607082
done
3
140
1000001
1.9217506054230542
727
1
123
1000000
7.527590349137055
728
1
182
1000000
2.1289662991664207
729
0
0
0
1
0
183
connections
0.5538911498500492
link
1.1972134560348238
bias
0.5550554435977747
node
0.5538911498500492
enable
0.14698596412208606
disable
0.1950281535889147
step
0.09022983136380133
perturb
0.4862190441607082
done
4
33
1000001
4.612682218592701
730
0
106
1000003
-4.341811318042267
731
1
33
183
1.0
732
1
183
1000001
4.612682218592701
733
1
0
0
1
0
182
connections
0.5538911498500492
link
1.1972134560348238
bias
0.5550554435977747
node
0.5538911498500492
enable
0.14698596412208606
disable
0.1950281535889147
step
0.09022983136380133
perturb
0.4862190441607082
done
1
64
1000000
-11.077554267132978
734
1
0
0
1
0
183
connections
0.5538911498500492
link
1.1972134560348238
bias
0.5550554435977747
node
0.5538911498500492
enable
0.14698596412208606
disable
0.1950281535889147
step
0.09022983136380133
perturb
0.4862190441607082
done
4
126
1000002
-5.746724778405208
735
1
166
1000000
-2.895892713185706
736
0
166
183
1.0
737
1
183
1000000
-2.895892713185706
738
1
0
0
1
0
183
connections
0.5538911498500492
link
1.1972134560348238
bias
0.5550554435977747
node
0.5538911498500492
enable
0.14698596412208606
disable
0.1950281535889147
step
0.09022983136380133
perturb
0.4862190441607082
done
3
13
1000002
0.5501824145097403
739
0
13
183
1.0
740
1
183
1000002
0.5501824145097403
741
1
0
0
1
0
183
connections
0.5538911498500492
link
1.1972134560348238
bias
0.5550554435977747
node
0.5538911498500492
enable
0.14698596412208606
disable
0.1950281535889147
step
0.09022983136380133
perturb
0.4862190441607082
done
4
44
1000000
-1.0527874439128304
742
0
68
1000001
-2.163064445602851
743
1
44
183
1.0
744
1
183
1000000
-1.0527874439128304
745
1
0
0
1
0
183
connections
0.5538911498500492
link
1.1972134560348238
bias
0.5550554435977747
node
0.5538911498500492
enable
0.14698596412208606
disable
0.1950281535889147
step
0.09022983136380133
perturb
0.4862190441607082
done
3
75
1000002
5.817634869503659
746
0
75
183
1.0
747
1
183
1000002
5.817634869503659
748
1
0
0
1
0
183
connections
0.5538911498500492
link
1.1972134560348238
bias
0.5550554435977747
node
0.5538911498500492
enable
0.14698596412208606
disable
0.1950281535889147
step
0.09022983136380133
perturb
0.4862190441607082
done
4
33
1000000
3.6648375551244516
749
0
182
1000001
-1.4003479300214068
750
1
33
183
1.0
751
0
183
1000000
3.6648375551244516
752
1
0
0
1
0
182
connections
0.5538911498500492
link
1.1972134560348238
bias
0.5550554435977747
node
0.5538911498500492
enable
0.14698596412208606
disable
0.1950281535889147
step
0.09022983136380133
perturb
0.4862190441607082
done
2
181
1000000
1.3873624446556545
753
1
118
1000002
-4.367441991367736
754
1
0
0
1
0
182
connections
0.5538911498500492
link
1.1972134560348238
bias
0.5550554435977747
node
0.5538911498500492
enable
0.14698596412208606
disable
0.1950281535889147
step
0.09022983136380133
perturb
0.4862190441607082
done
2
72
1000002
5.008903050566008
755
1
182
1000002
-0.32767668669864825
756
1
0
0
1
0
183
connections
0.5538911498500492
link
1.1972134560348238
bias
0.5550554435977747
node
0.5538911498500492
enable
0.14698596412208606
disable
0.1950281535889147
step
0.09022983136380133
perturb
0.4862190441607082
done
4
145
1000000
-1.7564692738226495
757
1
182
1000003
-6.006051066008016
758
1
182
183
1.0
759
1
183
1000003
-6.006051066008016
760
0
0
0
1
0
182
connections
0.5538911498500492
link
1.1972134560348238
bias
0.5550554435977747
node
0.5538911498500492
enable
0.14698596412208606
disable
0.1950281535889147
step
0.09022983136380133
perturb
0.4862190441607082
done
3
102
1000003
-6.517776101630434
761
1
168
1000000
1.7623657303746354
762
1
182
1000001
-0.7016422915820884
763
1
0
0
1
0
182
connections
0.5538911498500492
link
1.1972134560348238
bias
0.5550554435977747
node
0.5538911498500492
enable
0.14698596412208606
disable
0.1950281535889147
step
0.09022983136380133
perturb
0.4862190441607082
done
2
85
1000001
6.755203818575428
764
1
182
1000003
-4.660891179386134
765
0
0
0
1
0
182
connections
0.5538911498500492
link
1.1972134560348238
bias
0.5550554435977747
node
0.5538911498500492
enable
0.14698596412208606
disable
0.1950281535889147
step
0.09022983136380133
perturb
0.4862190441607082
done
2
127
1000001
-0.7576409318068285
766
1
48
1000000
-6.068071180647822
767
1
0
0
1
0
182
connections
0.5538911498500492
link
1.1972134560348238
bias
0.5550554435977747
node
0.5538911498500492
enable
0.14698596412208606
disable
0.1950281535889147
step
0.09022983136380133
perturb
0.4862190441607082
done
2
74
1000003
-5.903470238540967
768
1
55
1000002
-1.8154009196328085
769
1
0
0
1
0
183
connections
0.5538911498500492
link
1.1972134560348238
bias
0.5550554435977747
node
0.5538911498500492
enable
0.14698596412208606
disable
0.1950281535889147
step
0.09022983136380133
perturb
0.4862190441607082
done
5
30
1000001
-8.424660735717978
770
0
136
1000003
0.9038210542142879
771
1
182
1000001
0.7376957582281354
772
1
30
183
1.0
773
1
183
1000001
-8.424660735717978
774
1
0
0
1
0
182
connections
0.5538911498500492
link
1.1972134560348238
bias
0.5550554435977747
node
0.5538911498500492
enable
0.14698596412208606
disable
0.1950281535889147
step
0.09022983136380133
perturb
0.4862190441607082
done
2
104
1000002
2.5691815948287013
775
1
107
1000002
-10.042753656706887
776
1
0
0
1
0
182
connections
0.5538911498500492
link
1.1972134560348238
bias
0.5550554435977747
node
0.5538911498500492
enable
0.14698596412208606
disable
0.1950281535889147
step
0.09022983136380133
perturb
0.4862190441607082
done
1
105
1000003
5.679389450392824
777
1
0
0
1
0
182
connections
0.5538911498500492
link
1.1972134560348238
bias
0.5550554435977747
node
0.5538911498500492
enable
0.14698596412208606
disable
0.1950281535889147
step
0.09022983136380133
perturb
0.4862190441607082
done
1
169
1000003
-5.77791547364216
778
1
0
0
1
0
182
connections
0.5538911498500492
link
1.1972134560348238
bias
0.5550554435977747
node
0.5538911498500492
enable
0.14698596412208606
disable
0.1950281535889147
step
0.09022983136380133
perturb
0.4862190441607082
done
2
149
1000000
-7.513322704324312
779
1
57
1000003
4.63926765575627
780
1
0
0
1
0
182
connections
0.5538911498500492
link
1.1972134560348238
bias
0.5550554435977747
node
0.5538911498500492
enable
0.14698596412208606
disable
0.1950281535889147
step
0.09022983136380133
perturb
0.4862190441607082
done
1
125
1000002
1.855544430048448
781
0
0
0
1
0
183
connections
0.5538911498500492
link
1.1972134560348238
bias
0.5550554435977747
node
0.5538911498500492
enable
0.14698596412208606
disable
0.1950281535889147
step
0.09022983136380133
perturb
0.4862190441607082
done
5
28
1000001
-4.63430557062909
782
1
1000003
1000002
0.976622228273635
783
1
182
1000001
-2.356113062914436
784
1
28
183
1.0
785
0
183
1000001
-4.63430557062909
786
1
0
0
1
0
182
connections
0.5538911498500492
link
1.1972134560348238
bias
0.5550554435977747
node
0.5538911498500492
enable
0.14698596412208606
disable
0.1950281535889147
step
0.09022983136380133
perturb
0.4862190441607082
done
2
109
1000000
-3.317891240161191
787
1
182
1000000
-2.3268855754694786
788
1
0
0
1
0
183
connections
0.5538911498500492
link
1.1972134560348238
bias
0.5550554435977747
node
0.5538911498500492
enable
0.14698596412208606
disable
0.1950281535889147
step
0.09022983136380133
perturb
0.4862190441607082
done
4
52
1000002
-5.751404732744191
789
0
182
1000000
-3.050386945064957
790
1
52
183
1.0
791
1
183
1000002
-5.751404732744191
792
1
0
0
1
0
183
connections
0.5538911498500492
link
1.1972134560348238
bias
0.5550554435977747
node
0.5538911498500492
enable
0.14698596412208606
disable
0.1950281535889147
step
0.09022983136380133
perturb
0.4862190441607082
done
5
24
1000002
0.25590116716689293
793
1
152
1000001
-9.647873876389319
794
0
182
1000001
-3.708571290400787
795
1
152
183
1.0
796
1
183
1000001
-9.647873876389319
797
1
0
0
1
0
182
connections
0.5538911498500492
link
1.1972134560348238
bias
0.5550554435977747
node
0.5538911498500492
enable
0.14698596412208606
disable
0.1950281535889147
step
0.09022983136380133
perturb
0.4862190441607082
done
3
43
1000001
-5.603753516082378
798
1
166
1000001
-1.4355006317898997
799
1
182
1000001
1.2091634554054709
800
1
0
0
1
0
182
connections
0.5538911498500492
link
1.1972134560348238
bias
0.5550554435977747
node
0.5538911498500492
enable
0.14698596412208606
disable
0.1950281535889147
step
0.09022983136380133
perturb
0.4862190441607082
done
3
2
1000003
3.7745213459787577
801
1
126
1000003
-10.32370462592364
802
1
182
1000000
-1.780438337796711
803
1
0
0
1
0
182
connections
0.5538911498500492
link
1.1972134560348238
bias
0.5550554435977747
node
0.5538911498500492
enable
0.14698596412208606
disable
0.1950281535889147
step
0.09022983136380133
perturb
0.4862190441607082
done
3
127
1000000
-3.0978884703178666
804
1
40
1000002
-5.364182181012606
805
1
182
1000001
-11.26470083533976
806
1
0
0
1
0
182
connections
0.5538911498500492
link
1.1972134560348238
bias
0.5550554435977747
node
0.5538911498500492
enable
0.14698596412208606
disable
0.1950281535889147
step
0.09022983136380133
perturb
0.4862190441607082
done
3
49
1000002
-3.498821428659732
807
0
91
1000002
-0.628386951618483
808
1
182
1000000
-3.167533204678408
809
1
0
0
1
0
182
connections
0.5538911498500492
link
1.1972134560348238
bias
0.5550554435977747
node
0.5538911498500492
enable
0.14698596412208606
disable
0.1950281535889147
step
0.09022983136380133
perturb
0.4862190441607082
done
2
57
1000000
0.7807311612325929
810
1
182
1000000
-7.855839537508418
811
1
0
0
1
0
182
connections
0.5538911498500492
link
1.1972134560348238
bias
0.5550554435977747
node
0.5538911498500492
enable
0.14698596412208606
disable
0.1950281535889147
step
0.09022983136380133
perturb
0.4862190441607082
done
2
19
1000003
0.4796540946672807
812
1
182
1000003
-4.355135614259704
813
1
0
0
1
0
182
connections
0.5538911498500492
link
1.1972134560348238
bias
0.5550554435977747
node
0.5538911498500492
enable
0.14698596412208606
disable
0.1950281535889147
step
0.09022983136380133
perturb
0.4862190441607082
done
3
19
1000002
-3.3384911735715868
814
1
43
1000002
-7.4523231860944135
815
1
182
1000003
2.4074010378810167
816
1
0
0
1
0
182
connections
0.5538911498500492
link
1.1972134560348238
bias
0.5550554435977747
node
0.5538911498500492
enable
0.14698596412208606
disable
0.1950281535889147
step
0.09022983136380133
perturb
0.4862190441607082
done
1
144
1000003
-1.3872026832374
817
1
0
0
1
0
182
connections
0.5538911498500492
link
1.1972134560348238
bias
0.5550554435977747
node
0.5538911498500492
enable
0.14698596412208606
disable
0.1950281535889147
step
0.09022983136380133
perturb
0.4862190441607082
done
1
72
1000003
-0.8532072650607738
818
1
0
0
1
0
182
connections
0.5538911498500492
link
1.1972134560348238
bias
0.5550554435977747
node
0.5538911498500492
enable
0.14698596412208606
disable
0.1950281535889147
step
0.09022983136380133
perturb
0.4862190441607082
done
2
16
1000002
-2.69152059172066
819
1
182
1000001
-4.48924220052006
820
1
0
0
1
0
182
connections
0.5538911498500492
link
1.1972134560348238
bias
0.5550554435977747
node
0.5538911498500492
enable
0.14698596412208606
disable
0.1950281535889147
step
0.09022983136380133
perturb
0.4862190441607082
done
1
17
1000002
2.179079868828283
821
1
0
0
1
0
182
connections
0.5538911498500492
link
1.1972134560348238
bias
0.5550554435977747
node
0.5538911498500492
enable
0.14698596412208606
disable
0.1950281535889147
step
0.09022983136380133
perturb
0.4862190441607082
done
2
171
1000003
1.3652829695868438
822
1
182
1000002
-7.045581929977596
823
1
0
0
1
0
183
connections
0.5538911498500492
link
1.1972134560348238
bias
0.5550554435977747
node
0.5538911498500492
enable
0.14698596412208606
disable
0.1950281535889147
step
0.09022983136380133
perturb
0.4862190441607082
done
3
46
1000001
-0.002827564994679399
824
0
46
183
1.0
825
1
183
1000001
-0.002827564994679399
826
1
0
0
1
0
182
connections
0.5538911498500492
link
1.1972134560348238
bias
0.5550554435977747
node
0.5538911498500492
enable
0.14698596412208606
disable
0.1950281535889147
step
0.09022983136380133
perturb
0.4862190441607082
done
2
38
1000000
3.8329793227031006
827
1
10
1000001
-3.76420277166981
828
1
0
0
1
0
182
connections
0.5538911498500492
link
1.1972134560348238
bias
0.5550554435977747
node
0.5538911498500492
enable
0.14698596412208606
disable
0.1950281535889147
step
0.09022983136380133
perturb
0.4862190441607082
done
1
151
1000000
-3.628599075405651
829
1
0
0
1
0
183
connections
0.5538911498500492
link
1.1972134560348238
bias
0.5550554435977747
node
0.5538911498500492
enable
0.14698596412208606
disable
0.1950281535889147
step
0.09022983136380133
perturb
0.4862190441607082
done
3
59
1000000
-2.429328056889255
830
0
59
183
1.0
831
1
183
1000000
-2.429328056889255
832
1
0
0
1
0
183
connections
0.5538911498500492
link
1.1972134560348238
bias
0.5550554435977747
node
0.5538911498500492
enable
0.14698596412208606
disable
0.1950281535889147
step
0.09022983136380133
perturb
0.4862190441607082
done
3
37
1000003
-9.235438128099938
833
0
37
183
1.0
834
1
183
1000003
-9.235438128099938
835
1
0
0
1
0
183
connections
0.5538911498500492
link
1.1972134560348238
bias
0.5550554435977747
node
0.5538911498500492
enable
0.14698596412208606
disable
0.1950281535889147
step
0.09022983136380133
perturb
0.4862190441607082
done
4
138
1000001
-2.0705020521283424
836
1
182
1000002
5.795084972885978
837
1
182
183
1.0
838
1
183
1000002
5.795084972885978
839
1
0
0
1
0
183
connections
0.5538911498500492
link
1.1972134560348238
bias
0.5550554435977747
node
0.5538911498500492
enable
0.14698596412208606
disable
0.1950281535889147
step
0.09022983136380133
perturb
0.4862190441607082
done
4
122
1000001
-2.220721977160027
840
1
182
1000003
-4.655919091709059
841
0
182
183
1.0
842
1
183
1000003
-4.655919091709059
843
1
0
0
1
0
183
connections
0.5538911498500492
link
1.1972134560348238
bias
0.5550554435977747
node
0.5538911498500492
enable
0.14698596412208606
disable
0.1950281535889147
step
0.09022983136380133
perturb
0.4862190441607082
done
5
88
1000002
4.12120861783614
844
1
124
1000003
-8.207508155865812
845
0
182
1000002
-4.877982664133675
846
1
124
183
1.0
847
1
183
1000003
-8.207508155865812
848
1
0
0
1
0
183
connections
0.5538911498500492
link
1.1972134560348238
bias
0.5550554435977747
node
0.5538911498500492
enable
0.14698596412208606
disable
0.1950281535889147
step
0.09022983136380133
perturb
0.4862190441607082
done
4
22
1000001
-1.5641891010290936
849
0
182
1000001
-0.040988720004415446
850
1
22
183
1.0
851
1
183
1000001
-1.5641891010290936
852
0
0
0
1
0
182
connections
0.5538911498500492
link
1.1972134560348238
bias
0.5550554435977747
node
0.5538911498500492
enable
0.14698596412208606
disable
0.1950281535889147
step
0.09022983136380133
perturb
0.4862190441607082
done
2
12
1000002
-4.007079486144382
853
1
182
1000003
3.3893673138972096
854
1
